# Number of parameters = 229 Objective function value = -837.749  Maximum gradient component = 0.000224374
# theta[1]:
 5.73146
# theta[2]:
 0.722060
# theta[3]:
 -0.847884
# theta[4]:
 5.30388
# theta[5]:
 5.52537
# theta[6]:
 0.279464
# theta[7]:
 1.27663
# sel_par[1]:
 1.60229 0.0956338
# sel_par[2]:
 1.21041 -0.817804
# sel_par[3]:
 1.73896 -0.618099
# sel_par[4]:
 0.720276 -2.99573
# sel_par[5]:
 0.720276 -2.99573
# log_ft_pars:
 0.673636 1.21257 -1.89910 0.799401 0.562184 -0.0325439 1.25170 -0.614696 -0.354985 -0.157794 0.443018 -0.244729 0.0440244 -0.100957 0.450740 -0.0293658 -0.150770 -1.03337 -1.41688 -0.414078 -1.91644 -3.35802 -3.80568 -4.04999 -3.11395 -2.64806 -0.773003 -1.21590 -2.17533 -1.56317 -1.76892 -4.60874 -4.31647 -4.12413 -5.16063 -5.46314 -5.43882 -5.93541 -6.70891 -4.69911 -7.51776 -9.48738 -9.38428 -7.78513 -6.91653 -4.05117 -3.13523 -3.41759 -1.13318 -2.08361 -1.99971 -2.44605 -1.87779 -1.11370 -1.81081 -2.03535 -1.93928 -2.76473 -4.76682 -2.88002 -2.47658 -2.35960 -2.79307 -2.20366 -2.07941 -2.46691 -2.92319 -3.13953 -2.54756 -2.24093 -3.31533 -4.54365 -2.78100 -2.99187 -2.26402 -2.71152 -2.42631 -2.22887 -2.62655 -3.42765 -3.08070 -3.45474 -2.91569 -3.53716 -3.10891 -3.11530 -3.09752 -3.21857 -6.46833 -0.825062 -5.91012 -3.27637 -1.64392 -0.541276 -0.974102 -1.03526 -2.18710 -1.69243 -1.08595 -1.04325 -1.19222 -0.946861 -0.646265 -1.39733 -1.48131 -0.804357 -0.584523 -1.26755 -1.97633 -1.09699 -0.111601 -0.502227 -1.44226 -0.963018 -1.42511 -0.952208 -0.819141 -0.908222 -0.960362 -1.18288 -1.51449 -1.33957 -1.31363 -1.67772 -1.44087 -1.62355 -1.45441 -1.60890 -1.71001 -1.24727
# init_log_rec_devs:
 1.27491 1.75073 0.584491 0.195239 -1.11577 -0.926198 -0.734319 -1.02908
# log_rec_devs:
 0.605901 0.280209 0.922395 -0.453000 0.319072 -0.284999 0.200588 0.927801 -0.218020 1.69019 1.13421 0.443137 1.64570 0.212719 -0.516290 -0.905755 -0.314913 -0.722311 -0.0977407 -0.0145521 -0.922756 0.0472525 0.0687450 -0.316808 -1.05942 -0.698584 -1.32024 -1.36919 0.277264 -0.471697 -0.433318 -0.0593455 0.908516 -0.0726564 -0.279458 0.719758 0.493901 0.103916 -0.594578 0.805252 0.602008 -0.281083 -1.09018 -0.558959 0.628435 -0.128630 0.301736 -0.827024 -0.0267402 0.427698 -0.0386165 1.00170 -0.778735 -0.187840 -0.329275 0.645414 -0.303972 -0.311621 0.192090 0.361624 -0.280444 0.233909 -0.960004 0.763845 0.482421 -0.218661
# log_m_nodes:
 -0.264728 -0.0500108 0.262952 -0.0574599 -0.0874378 0.0295977 0.0536280 -0.0419581 0.0523139 0.00795327 -0.00528756 0.0393094
# log_age_tau2[1]:
0.325000000000
# log_age_tau2[2]:
0.325000000000
# log_age_tau2[3]:
0.325000000000
# phi1[1]:
0.0100000000000
# phi1[2]:
0.0100000000000
# phi1[3]:
0.0100000000000
# phi2[1]:
0.500000000000
# phi2[2]:
0.500000000000
# phi2[3]:
0.500000000000
# log_degrees_of_freedom[1]:
5.35000000000
# log_degrees_of_freedom[2]:
5.35000000000
# log_degrees_of_freedom[3]:
5.35000000000
# gamma_r:
0.00000000000
