# Number of parameters = 200 Objective function value = -937.664  Maximum gradient component = 0.000183638
# theta[1]:
 5.91680
# theta[2]:
 0.824783
# theta[3]:
 -0.806482
# theta[4]:
 5.54653
# theta[5]:
 5.55627
# theta[6]:
 0.211121
# theta[7]:
 1.33071
# sel_par[1]:
 1.04652 -0.878322
# sel_par[2]:
 1.17398 -0.925652
# sel_par[3]:
 1.62852 -0.732048
# sel_par[4]:
 0.720276 -2.99573
# sel_par[5]:
 0.720276 -2.99573
# log_ft_pars:
 -0.400398 -0.0540672 -3.62488 -0.396518 -1.27795 0.454359 0.470516 -0.574492 0.122632 -1.73626 0.0824060 -0.871695 0.184504 0.330576 0.0145444 1.53336 0.489939 -1.86243 -4.41032 -1.83578 -4.24669 -6.86203 -4.57718 -8.62620 -8.61931 -9.40398 -7.49873 -9.90040 -6.80039 -7.44622 -6.11858 -0.917211 -1.41718 -2.11124 -2.32102 -1.65839 -1.99484 -1.44554 -5.49951 -3.40743 -3.28096 -2.32389 -2.39173 -2.63086 -2.38167 -2.36183 -1.86319 -1.85335 -1.32543 -1.47796 -1.51353 -1.22808 -1.11066 -1.66562 -2.00498 -1.39141 -1.73245 -1.55012 -1.42786 -1.81431 -2.14943 -1.83328 -1.37090 -1.21723 -2.94165 -3.35478 -4.64680 -3.85352 -2.03393 -0.533046 -0.754481 -0.737573 -0.706592 -0.0845307 -3.00124 -1.88110 -1.91003 -2.19623 -1.90778 -2.10073 -2.46067 -2.67296 -2.61927 -1.50136 -1.73210 -2.25906 -2.43971 -1.75049 -1.96994 -2.32875 -3.46014 -3.45209 -2.75666 -2.11870 -2.80790 -3.29589 -3.23357 -3.34907 -1.92999
# init_log_rec_devs:
 1.09447 1.52893 0.377162 -0.868214 -0.676335 -0.515098 -0.381970 -0.558946
# log_rec_devs:
 -0.0123985 0.0141725 1.40103 -0.330630 -0.176809 0.329009 0.380723 0.747601 -0.554523 0.441452 0.899802 0.683111 0.628369 0.0790363 -0.625008 1.77899 -0.669560 -0.531312 0.326689 0.210729 0.127711 0.274532 0.0768970 0.156736 -0.540022 -0.752481 -0.477126 -0.660571 1.57208 0.433670 0.394067 -0.415912 -0.559343 0.472818 -0.258076 0.0726427 1.29993 -0.804498 -1.32014 -0.329721 0.899545 -0.657227 -0.437958 -1.69681 -0.686188 0.588518 0.565601 -0.723002 -0.189776 -0.996798 -0.206756 0.607899 -0.343811 0.528303 -0.490505 0.0206165 -0.756010 0.775333 -0.314346 0.376008 -0.761406 0.345363 -0.488947 0.732098 -0.628924 -0.218083 -0.257089 0.630671
# log_m_nodes:
 -0.144302 -0.0823008 0.254530 -0.147529 0.00444067 0.0897601 -0.105144 -0.00390188 0.108871 0.0796923 -0.126904 0.206008
# log_age_tau2[1]:
0.325000000000
# log_age_tau2[2]:
0.325000000000
# log_age_tau2[3]:
0.325000000000
# phi1[1]:
0.0100000000000
# phi1[2]:
0.0100000000000
# phi1[3]:
0.0100000000000
# phi2[1]:
0.500000000000
# phi2[2]:
0.500000000000
# phi2[3]:
0.500000000000
# log_degrees_of_freedom[1]:
5.35000000000
# log_degrees_of_freedom[2]:
5.35000000000
# log_degrees_of_freedom[3]:
5.35000000000
# gamma_r:
0.00000000000
