# Number of parameters = 182 Objective function value = -735.867  Maximum gradient component = 0.000744224
# theta[1]:
 6.30572
# theta[2]:
 0.767522
# theta[3]:
 -0.531349
# theta[4]:
 5.94737
# theta[5]:
 5.59180
# theta[6]:
 0.271686
# theta[7]:
 1.47760
# sel_par[1]:
 0.967573 -1.48417
# sel_par[2]:
 1.09352 -1.12443
# sel_par[3]:
 1.56868 -0.758668
# sel_par[4]:
 0.720276 -2.99573
# sel_par[5]:
 0.720276 -2.99573
# log_ft_pars:
 -0.630899 0.114832 -6.99158 0.171161 -1.33839 -0.545724 -2.78286 -4.53516 0.308290 0.691879 0.397210 -0.277945 -0.409601 -0.425910 -0.355591 0.0464897 0.443789 -11.5041 -7.78262 -3.02413 -6.38226 -27.7738 -10.2118 -9.94715 -10.7761 -11.0818 -10.6446 -9.09025 -10.3957 -1.97550 -1.21211 -1.59236 -1.54891 -1.25390 -1.29692 -2.27625 -1.47514 -3.26802 -2.25279 -2.76549 -1.53319 -1.48651 -5.32592 -5.54330 -1.34266 -1.98572 -1.79696 -1.78991 -1.73035 -2.53958 -2.01382 -1.94608 -2.82052 -3.60038 -1.77594 -1.88484 -2.02266 -3.12367 -3.91254 -2.10744 -1.22877 -0.719922 -2.55331 -1.75233 -1.30016 -0.685019 -0.893548 -0.467588 -0.902140 -2.16468 -1.87197 -1.72729 -1.81019 -2.48275 -1.96093 -2.54419 -1.67777 -2.47693 -2.11419 -3.28566 -3.14977 -1.90324 -2.47299 -2.73808 -2.88957 -1.83544 -1.95655 -0.916125
# init_log_rec_devs:
 0.544589 1.35383 -0.712739 -0.470889 -0.298006 -0.170599 -0.103119 -0.143063
# log_rec_devs:
 0.166683 0.0931998 0.720986 -0.0405981 0.294972 0.498819 0.328801 0.919945 0.604036 0.153906 0.833328 0.0357853 0.662456 -0.306512 -1.12804 0.135962 -0.0431054 -0.942354 0.189980 0.636279 0.356593 0.267023 0.411456 0.712175 -0.126240 -0.439959 0.173482 -0.766203 0.264670 0.0480204 -0.340184 -0.465584 0.0723174 0.807368 0.883528 -0.213498 1.27845 -0.348524 -0.206661 -0.641672 0.350169 -0.0651180 -0.273896 -0.923658 -0.509897 1.01352 0.0198259 -0.544012 -0.403557 0.0300099 0.360488 0.365266 -0.384643 -0.253772 -0.612291 -0.139080 -0.985619 -0.428035 -1.14467 -0.0551958 -0.956914
# log_m_nodes:
 -0.0504530 -0.0713701 0.121370 -0.00928347 -0.224430 0.220081 -0.0132444 -0.0418030 0.0597411 0.0604555 0.0410423 -0.202961
# log_age_tau2[1]:
0.325000000000
# log_age_tau2[2]:
0.325000000000
# log_age_tau2[3]:
0.325000000000
# phi1[1]:
0.0100000000000
# phi1[2]:
0.0100000000000
# phi1[3]:
0.0100000000000
# phi2[1]:
0.500000000000
# phi2[2]:
0.500000000000
# phi2[3]:
0.500000000000
# log_degrees_of_freedom[1]:
5.35000000000
# log_degrees_of_freedom[2]:
5.35000000000
# log_degrees_of_freedom[3]:
5.35000000000
# gamma_r:
0.00000000000
