# Number of parameters = 263 Objective function value = -1518.17  Maximum gradient component = 0.000133375
# theta[1]:
 7.37814
# theta[2]:
 0.766053
# theta[3]:
 -0.786330
# theta[4]:
 7.02466
# theta[5]:
 5.63196
# theta[6]:
 0.266487
# theta[7]:
 1.61645
# sel_par[1]:
 0.980062 -1.20775
# sel_par[2]:
 1.06944 -1.08882
# sel_par[3]:
 1.54409 -0.900879
# sel_par[4]:
 0.720276 -2.99573
# sel_par[5]:
 0.720276 -2.99573
# log_ft_pars:
 -0.418015 -0.324678 -2.15068 -0.530482 -0.482627 -0.0488593 0.307534 -0.626486 -0.249688 -0.0786477 -0.212468 -0.0549823 0.0453136 0.0645413 -0.0183271 0.205012 0.654293 -2.20581 -4.61933 -4.85045 -3.16067 -2.67899 -2.40047 -4.65631 -5.07941 -2.72013 -2.73441 -1.83618 -1.66841 -3.28422 -2.62092 -2.73530 -4.02401 -3.75347 -4.04401 -5.05111 -5.65841 -4.80148 -4.37183 -5.95797 -5.10217 -4.54421 -5.27084 -4.70021 -5.07912 -5.26802 -5.69213 -4.82746 -4.28712 -4.42216 -4.36717 -4.46405 -3.97107 -4.26952 -3.78332 -3.49702 -4.31913 -3.88352 -4.75866 -4.53892 -4.65943 -3.04615 -2.88454 -2.47563 -2.49552 -2.62621 -2.61460 -2.74636 -2.41478 -1.76819 -3.16677 -4.60433 -4.78734 -5.84093 -2.92735 -2.98799 -5.86190 -3.38379 -2.80618 -1.66665 -2.06998 -2.58696 -5.84643 -2.97547 -3.96589 -3.95588 -4.28132 -3.29102 -3.18034 -2.96665 -3.07044 -2.50949 -2.38658 -2.88710 -2.99159 -2.57600 -2.58291 -2.36463 -2.25628 -2.52331 -2.28943 -1.91804 -2.87193 -2.18239 -2.25990 -2.30761 -3.17542 -2.49462 -2.46398 -2.27733 -2.48941 -2.30097 -3.25231 -2.36167 -4.09424 -1.61534 -1.40665 -1.03221 -1.13450 -1.21256 -1.22944 -1.39703 -2.13704 -1.63378 -1.41622 -0.671838 -0.664235 -1.02735 -0.932182 -1.20639 -1.30660 -1.26780 -1.03503 -1.15583 -1.18139 -1.00555 -1.42836 -1.66365 -1.46055 -1.30858 -1.53848 -1.46337 -1.34288 -1.19517 -1.20926 -1.71182 -1.22531 -1.13458 -1.26614 -1.85042 -1.58138 -1.53845 -1.25809 -1.43397 -1.53706 -1.66408 -1.86048 -1.50876 -1.15272 -0.941399 -0.926190
# init_log_rec_devs:
 1.40436 0.985646 -0.694815 -0.532433 -0.389840 -0.281828 -0.190351 -0.300736
# log_rec_devs:
 -0.00805453 0.0758825 0.458029 0.261279 -0.379289 -0.741403 -0.601816 0.0307309 -0.0153172 -0.574185 0.229001 0.193890 0.525220 -0.131453 -0.432375 -0.216545 -0.219488 -0.940450 -0.0442603 -0.0177907 -0.318196 -0.411308 -0.295398 -0.0220147 -0.495864 0.00119681 -0.243419 -0.923349 -0.401387 -0.657261 -0.642045 -0.854036 -1.01140 -0.392183 0.256851 -0.329724 0.577780 -0.566299 0.368670 -0.219145 0.614651 0.282556 0.559466 -0.238149 0.446813 0.819246 0.859185 0.0373194 0.403218 0.530841 0.662530 0.648749 0.120228 0.135152 0.0310148 0.589360 -0.726456 0.565079 -1.06121 0.762552 0.254768 -0.323106 0.268704 0.371751 0.277224 0.240948 0.361865 0.310214 1.32242
# log_m_nodes:
 -0.0900127 -0.0508555 0.241365 -0.0866284 -0.0538576 0.0649370 -0.0220463 0.0297960 -0.0322644 0.0302501 -0.0773943 0.295387
# log_age_tau2[1]:
0.325000000000
# log_age_tau2[2]:
0.325000000000
# log_age_tau2[3]:
0.325000000000
# phi1[1]:
0.0100000000000
# phi1[2]:
0.0100000000000
# phi1[3]:
0.0100000000000
# phi2[1]:
0.500000000000
# phi2[2]:
0.500000000000
# phi2[3]:
0.500000000000
# log_degrees_of_freedom[1]:
5.35000000000
# log_degrees_of_freedom[2]:
5.35000000000
# log_degrees_of_freedom[3]:
5.35000000000
# gamma_r:
0.00000000000
