# Number of parameters = 217 Objective function value = -786.278  Maximum gradient component = 0.000195111
# theta[1]:
 5.82614
# theta[2]:
 0.727809
# theta[3]:
 -0.851527
# theta[4]:
 5.37529
# theta[5]:
 5.48489
# theta[6]:
 0.278469
# theta[7]:
 1.18885
# sel_par[1]:
 1.66875 0.144763
# sel_par[2]:
 1.21464 -0.798636
# sel_par[3]:
 1.72660 -0.648299
# sel_par[4]:
 0.720276 -2.99573
# sel_par[5]:
 0.720276 -2.99573
# log_ft_pars:
 0.847026 1.39281 -1.73290 0.967700 0.735121 0.125811 1.41052 -0.466159 -0.219527 -0.0390689 0.533112 -0.174001 0.0938432 -0.0797782 0.440242 -0.0736762 -0.236231 -1.11990 -1.38091 -0.336689 -1.83647 -3.28285 -3.72730 -3.95745 -3.01695 -2.55615 -0.680520 -1.11337 -2.06516 -1.44579 -1.66244 -4.53971 -4.24919 -4.05708 -5.09069 -5.37719 -5.32733 -5.80780 -6.57763 -4.56365 -7.38084 -9.37023 -9.25210 -7.64632 -6.78209 -1.19294 -2.15093 -2.06188 -2.49300 -1.90966 -1.13542 -1.82794 -2.05811 -1.95999 -2.78537 -4.79998 -2.93160 -2.53314 -2.41786 -2.83943 -2.22745 -2.08263 -2.45719 -2.90659 -3.12108 -2.53589 -2.24313 -3.32942 -4.54040 -2.77188 -2.97531 -2.24786 -2.69808 -2.42028 -2.23769 -2.64858 -3.47669 -3.12787 -3.45779 -2.85932 -3.43415 -3.07223 -6.54368 -0.911244 -5.99227 -3.34486 -1.69604 -0.581463 -1.01732 -1.08986 -2.24431 -1.75765 -1.16037 -1.13532 -1.27545 -1.00562 -0.695627 -1.43406 -1.50205 -0.821576 -0.619792 -1.31737 -2.01970 -1.13405 -0.156721 -0.563006 -1.49027 -0.992853 -1.44464 -0.967725 -0.848847 -0.949094 -1.01981 -1.24939 -1.57987 -1.41663 -1.41479 -1.78470 -1.52185 -1.64649 -1.41596
# init_log_rec_devs:
 1.30641 1.78843 0.642413 0.208245 -1.14529 -0.959658 -0.767776 -1.07276
# log_rec_devs:
 0.536556 0.196702 0.875604 -0.512923 0.241539 -0.352823 0.169936 0.905595 -0.210354 1.71466 1.18200 0.528236 1.79245 0.361586 -0.408256 -0.921430 -0.252079 -0.683010 -0.105144 0.0369590 -0.846676 0.106446 0.125223 -0.266667 -1.03137 -0.695221 -1.31682 -1.38680 0.238382 -0.486088 -0.444121 -0.0583173 0.921227 -0.0308665 -0.240152 0.736842 0.482230 0.0838499 -0.653041 0.730146 0.497539 -0.352279 -1.13819 -0.619608 0.579263 -0.174896 0.253133 -0.871499 -0.0982243 0.347906 -0.120194 0.907155 -0.849891 -0.277186 -0.393492 0.626550 -0.329788 -0.420987 -0.0493211 0.215440 -0.622705 -0.0154470 1.84271
# log_m_nodes:
 -0.259664 -0.0591267 0.272787 -0.0290148 -0.0961354 -0.0146269 0.0854585 -0.0490502 0.0290256 0.0296559 -0.00569950 0.00492010
# log_age_tau2[1]:
0.325000000000
# log_age_tau2[2]:
0.325000000000
# log_age_tau2[3]:
0.325000000000
# phi1[1]:
0.0100000000000
# phi1[2]:
0.0100000000000
# phi1[3]:
0.0100000000000
# phi2[1]:
0.500000000000
# phi2[2]:
0.500000000000
# phi2[3]:
0.500000000000
# log_degrees_of_freedom[1]:
5.35000000000
# log_degrees_of_freedom[2]:
5.35000000000
# log_degrees_of_freedom[3]:
5.35000000000
# gamma_r:
0.00000000000
