# Number of parameters = 188 Objective function value = -750.888  Maximum gradient component = 0.000501133
# theta[1]:
 6.32010
# theta[2]:
 0.735592
# theta[3]:
 -0.535111
# theta[4]:
 5.92543
# theta[5]:
 5.58579
# theta[6]:
 0.285267
# theta[7]:
 1.43147
# sel_par[1]:
 0.967765 -1.48373
# sel_par[2]:
 1.09505 -1.14303
# sel_par[3]:
 1.56825 -0.766558
# sel_par[4]:
 0.720276 -2.99573
# sel_par[5]:
 0.720276 -2.99573
# log_ft_pars:
 -0.634908 0.108082 -6.99720 0.167208 -1.33806 -0.539831 -2.77476 -4.53049 0.311529 0.692854 0.388596 -0.300596 -0.448607 -0.470505 -0.388435 0.0407076 0.426775 -11.5875 -7.80831 -3.01114 -6.33553 -27.7208 -10.1933 -9.97761 -10.8898 -11.1489 -10.6744 -9.13364 -10.4403 -2.03353 -1.29589 -1.68129 -1.62663 -1.31186 -1.32235 -2.26209 -1.42662 -3.21457 -2.23161 -2.79319 -1.61574 -1.60781 -5.43406 -5.60581 -1.35359 -1.95859 -1.74794 -1.72995 -1.67480 -2.50808 -2.01389 -1.97195 -2.86096 -3.63710 -1.81333 -1.91581 -2.03804 -3.12115 -3.87625 -2.06319 -1.17743 -0.671329 -2.61928 -1.82167 -1.35711 -0.732317 -0.921777 -0.459470 -0.854409 -2.10949 -1.84471 -1.75021 -1.88869 -2.60149 -1.96389 -2.50763 -1.61770 -2.41507 -2.05703 -3.24679 -3.16687 -1.92220 -2.48247 -2.73173 -2.85913 -1.79596 -1.90950 -0.865785
# init_log_rec_devs:
 0.550598 1.35802 -0.715450 -0.473755 -0.300276 -0.170626 -0.103256 -0.145250
# log_rec_devs:
 0.190116 0.124279 0.754975 -0.00912351 0.320493 0.515974 0.341293 0.929235 0.610998 0.165890 0.861348 0.0889464 0.743002 -0.216757 -1.05958 0.231422 -0.0694326 -1.03074 0.110331 0.617236 0.419033 0.408481 0.596250 0.899052 0.0451572 -0.305726 0.244044 -0.756556 0.243493 0.0173393 -0.344997 -0.404495 0.208758 0.971769 1.06005 -0.0757535 1.35523 -0.333651 -0.231027 -0.686518 0.323082 -0.0603868 -0.232664 -0.848927 -0.428087 1.10553 0.120469 -0.456051 -0.337717 0.0643629 0.363085 0.356440 -0.430640 -0.286182 -0.639699 -0.139419 -0.944223 -0.319359 -0.910640 0.0358565 -1.33585 -1.17013 -0.182272 -0.539207 0.689684 -0.772409 -0.574464
# log_m_nodes:
 -0.0423513 -0.0727324 0.160241 -0.141233 -0.0396170 0.166217 -0.106277 0.0623422 0.0508849 0.0463538 -0.104241 0.104602
# log_age_tau2[1]:
0.325000000000
# log_age_tau2[2]:
0.325000000000
# log_age_tau2[3]:
0.325000000000
# phi1[1]:
0.0100000000000
# phi1[2]:
0.0100000000000
# phi1[3]:
0.0100000000000
# phi2[1]:
0.500000000000
# phi2[2]:
0.500000000000
# phi2[3]:
0.500000000000
# log_degrees_of_freedom[1]:
5.35000000000
# log_degrees_of_freedom[2]:
5.35000000000
# log_degrees_of_freedom[3]:
5.35000000000
# gamma_r:
0.00000000000
