# Number of parameters = 198 Objective function value = -909.310  Maximum gradient component = 0.000109951
# theta[1]:
 5.91225
# theta[2]:
 0.824473
# theta[3]:
 -0.803665
# theta[4]:
 5.52758
# theta[5]:
 5.56323
# theta[6]:
 0.201439
# theta[7]:
 1.32413
# sel_par[1]:
 1.04570 -0.879172
# sel_par[2]:
 1.16888 -0.940378
# sel_par[3]:
 1.62773 -0.732890
# sel_par[4]:
 0.720276 -2.99573
# sel_par[5]:
 0.720276 -2.99573
# log_ft_pars:
 -0.402013 -0.0547384 -3.62511 -0.395879 -1.27713 0.454276 0.470583 -0.573811 0.122222 -1.73618 0.0820450 -0.871601 0.186482 0.337560 0.0315744 1.55247 0.499118 -1.85798 -4.42222 -1.84859 -4.25641 -6.86426 -4.55811 -8.61507 -8.61843 -9.40995 -7.50552 -9.88913 -6.77106 -7.42621 -6.13072 -0.933944 -1.42719 -2.11119 -2.31301 -1.64533 -1.98015 -1.43283 -5.51284 -3.41807 -3.28424 -2.31526 -2.37380 -2.60706 -2.35907 -2.35135 -1.85897 -1.85475 -1.33548 -1.49872 -1.52817 -1.23220 -1.10132 -1.64095 -1.97365 -1.35441 -1.69309 -1.51956 -1.41564 -1.82789 -2.19064 -1.88825 -1.43269 -1.26776 -2.96454 -3.41066 -4.85697 -3.86554 -2.03909 -0.529727 -0.744243 -0.723086 -0.691888 -0.0705978 -3.00758 -1.89313 -1.92037 -2.19822 -1.89836 -2.07953 -2.43371 -2.64887 -2.60397 -1.49642 -1.73494 -2.26677 -2.45104 -1.76108 -1.97307 -2.31830 -3.43516 -3.41681 -2.71567 -2.07780 -2.77721 -3.28407 -3.24746 -3.38856 -1.93175
# init_log_rec_devs:
 1.08982 1.52533 0.375282 -0.866745 -0.674541 -0.513266 -0.380375 -0.555504
# log_rec_devs:
 0.00677383 0.0300386 1.41463 -0.318231 -0.163437 0.342522 0.393655 0.763346 -0.537818 0.459785 0.919980 0.702700 0.645191 0.0812161 -0.630673 1.78217 -0.718321 -0.543998 0.335912 0.239746 0.165430 0.308472 0.0963762 0.164006 -0.550191 -0.768796 -0.503351 -0.678959 1.56479 0.445034 0.417435 -0.391102 -0.540701 0.478076 -0.266567 0.0538491 1.27674 -0.815654 -1.31571 -0.313311 0.929357 -0.621661 -0.406187 -1.67672 -0.687534 0.572162 0.534786 -0.770126 -0.237249 -1.03444 -0.225018 0.617601 -0.301587 0.598399 -0.404287 0.0966356 -0.710933 0.788164 -0.340486 0.327834 -0.835700 0.305091 -0.704514 0.618891 -0.672525 0.209001
# log_m_nodes:
 -0.147593 -0.0897210 0.249274 -0.106960 -0.0513778 0.125695 -0.0985803 -0.0230203 0.0643567 0.149740 -0.137519 -0.160954
# log_age_tau2[1]:
0.325000000000
# log_age_tau2[2]:
0.325000000000
# log_age_tau2[3]:
0.325000000000
# phi1[1]:
0.0100000000000
# phi1[2]:
0.0100000000000
# phi1[3]:
0.0100000000000
# phi2[1]:
0.500000000000
# phi2[2]:
0.500000000000
# phi2[3]:
0.500000000000
# log_degrees_of_freedom[1]:
5.35000000000
# log_degrees_of_freedom[2]:
5.35000000000
# log_degrees_of_freedom[3]:
5.35000000000
# gamma_r:
0.00000000000
