# Number of parameters = 221 Objective function value = -815.240  Maximum gradient component = 0.000405412
# theta[1]:
 5.71551
# theta[2]:
 0.714518
# theta[3]:
 -0.868855
# theta[4]:
 5.26730
# theta[5]:
 5.45056
# theta[6]:
 0.279811
# theta[7]:
 1.24486
# sel_par[1]:
 1.60796 0.0860858
# sel_par[2]:
 1.19369 -0.864097
# sel_par[3]:
 1.72750 -0.642787
# sel_par[4]:
 0.720276 -2.99573
# sel_par[5]:
 0.720276 -2.99573
# log_ft_pars:
 0.711513 1.26070 -1.85080 0.844053 0.603571 -0.00117609 1.28497 -0.576307 -0.327518 -0.142256 0.442045 -0.258319 0.0176819 -0.139300 0.392217 -0.103479 -0.229696 -1.09552 -1.41822 -0.406339 -1.91537 -3.36245 -3.80729 -4.04869 -3.10853 -2.64159 -0.764693 -1.19257 -2.14077 -1.52505 -1.73728 -4.59585 -4.31146 -4.12287 -5.15601 -5.44988 -5.41403 -5.89745 -6.66339 -4.65128 -7.47402 -9.45364 -9.35268 -7.75315 -6.88519 -4.27789 -1.17521 -2.13310 -2.04687 -2.47668 -1.89587 -1.12919 -1.82731 -2.04261 -1.95111 -2.77168 -4.76794 -2.90663 -2.50819 -2.38503 -2.81984 -2.22323 -2.08248 -2.45463 -2.91033 -3.12973 -2.53496 -2.22806 -3.30821 -4.54367 -2.77808 -2.99501 -2.26601 -2.72008 -2.43108 -2.22280 -2.61642 -3.43018 -3.08456 -3.46132 -2.93644 -3.60212 -3.30336 -3.46783 -6.51923 -0.895751 -5.97805 -3.33192 -1.68355 -0.574733 -1.00926 -1.06874 -2.21257 -1.71997 -1.12150 -1.09400 -1.23804 -0.977430 -0.673980 -1.41696 -1.48813 -0.806065 -0.596539 -1.28905 -1.99463 -1.11231 -0.132145 -0.537291 -1.47374 -0.985192 -1.44382 -0.970486 -0.846110 -0.934685 -0.990167 -1.20360 -1.52254 -1.35317 -1.34983 -1.73862 -1.52815 -1.74832 -1.63765 -1.90163
# init_log_rec_devs:
 1.31429 1.80593 0.626540 0.210181 -1.14670 -0.959750 -0.767859 -1.08263
# log_rec_devs:
 0.612394 0.283379 0.951782 -0.444471 0.329773 -0.283283 0.229300 0.973247 -0.176452 1.76420 1.21768 0.545845 1.79858 0.357318 -0.403715 -0.916271 -0.245793 -0.668628 -0.0834195 0.0422543 -0.851073 0.0974574 0.102704 -0.275066 -0.992985 -0.661055 -1.29628 -1.37147 0.275410 -0.477595 -0.433975 -0.0424692 0.934569 -0.0307402 -0.214767 0.760649 0.524927 0.126653 -0.591464 0.789242 0.574391 -0.303193 -1.10326 -0.581373 0.621968 -0.133884 0.299954 -0.821615 -0.0259638 0.422185 -0.0359898 1.00051 -0.781519 -0.200194 -0.344842 0.640687 -0.309910 -0.366848 0.0821600 0.300928 -0.348290 0.585896 -0.537554 -0.890633
# log_m_nodes:
 -0.272796 -0.0537952 0.275987 -0.0440733 -0.0961740 0.00286807 0.0785509 -0.0493010 0.0371785 0.0315265 -0.0355349 -0.0324345
# log_age_tau2[1]:
0.325000000000
# log_age_tau2[2]:
0.325000000000
# log_age_tau2[3]:
0.325000000000
# phi1[1]:
0.0100000000000
# phi1[2]:
0.0100000000000
# phi1[3]:
0.0100000000000
# phi2[1]:
0.500000000000
# phi2[2]:
0.500000000000
# phi2[3]:
0.500000000000
# log_degrees_of_freedom[1]:
5.35000000000
# log_degrees_of_freedom[2]:
5.35000000000
# log_degrees_of_freedom[3]:
5.35000000000
# gamma_r:
0.00000000000
