# Number of parameters = 259 Objective function value = -1481.96  Maximum gradient component = 0.000977294
# theta[1]:
 7.32423
# theta[2]:
 0.774967
# theta[3]:
 -0.788349
# theta[4]:
 6.97973
# theta[5]:
 5.62360
# theta[6]:
 0.268881
# theta[7]:
 1.66054
# sel_par[1]:
 0.979260 -1.20645
# sel_par[2]:
 1.06930 -1.08637
# sel_par[3]:
 1.54367 -0.905502
# sel_par[4]:
 0.720276 -2.99573
# sel_par[5]:
 0.720276 -2.99573
# log_ft_pars:
 -0.411257 -0.312119 -2.13673 -0.516745 -0.469729 -0.0379587 0.319318 -0.613714 -0.238968 -0.0676619 -0.200833 -0.0414970 0.0610372 0.0832913 0.00115952 0.220043 0.661207 -2.18377 -4.60883 -4.84934 -3.16201 -2.67582 -2.38735 -4.63213 -5.04784 -2.68686 -2.70372 -1.81250 -1.65598 -3.28580 -2.63381 -2.75404 -4.04117 -3.76020 -4.03190 -5.01949 -5.61232 -4.74907 -4.32673 -5.92628 -5.08875 -4.54753 -5.28628 -4.71843 -5.08930 -5.26158 -5.66371 -4.78015 -4.23081 -4.36580 -4.32123 -4.43675 -3.96488 -4.28296 -3.81017 -3.52812 -4.34035 -3.88320 -4.73512 -4.49259 -4.59610 -2.97713 -2.81430 -2.40803 -2.44048 -2.61197 -2.71572 -3.04954 -1.76405 -3.15286 -4.57974 -4.75544 -5.80757 -2.89639 -2.96419 -5.86295 -3.39606 -2.82403 -1.68357 -2.07617 -2.57407 -5.81426 -2.92943 -3.91319 -3.91065 -4.26733 -3.29349 -3.19468 -2.98405 -3.08009 -2.50269 -2.35814 -2.83968 -2.93531 -2.51974 -2.53660 -2.33652 -2.24913 -2.53567 -2.31511 -1.94789 -2.89234 -2.18207 -2.23606 -2.26155 -3.10654 -2.42459 -2.39634 -2.22267 -2.47494 -2.39782 -3.55701 -4.08852 -1.59992 -1.38312 -1.00235 -1.10292 -1.18417 -1.20666 -1.38525 -2.13866 -1.64560 -1.43301 -0.687697 -0.671165 -1.01382 -0.889562 -1.15731 -1.26205 -1.23960 -1.02165 -1.15882 -1.19465 -1.02172 -1.43811 -1.65764 -1.43302 -1.26294 -1.48402 -1.41067 -1.29906 -1.16863 -1.20315 -1.72497 -1.25059 -1.16367 -1.28640 -1.84997 -1.55788 -1.49085 -1.19700 -1.36554 -1.47182 -1.59979 -1.80976 -1.50153 -1.24382 -1.25378
# init_log_rec_devs:
 1.40425 0.985982 -0.695551 -0.532560 -0.389831 -0.281308 -0.190197 -0.300789
# log_rec_devs:
 0.0231974 0.0976681 0.475254 0.279814 -0.357796 -0.717031 -0.581525 0.0528371 0.00883455 -0.550174 0.250235 0.214010 0.539958 -0.122259 -0.428378 -0.200236 -0.242966 -0.952171 -0.0254220 0.0212657 -0.268691 -0.367176 -0.267274 -0.00838204 -0.494571 -0.00154047 -0.245129 -0.915393 -0.378177 -0.615304 -0.581801 -0.782785 -0.939887 -0.333525 0.291973 -0.322450 0.563857 -0.590799 0.347714 -0.223756 0.632624 0.325581 0.619758 -0.171566 0.507438 0.858750 0.871567 0.0241164 0.372366 0.495737 0.638543 0.647157 0.149260 0.191912 0.108176 0.675951 -0.653638 0.619256 -1.04674 0.751264 0.219580 -0.372914 0.217030 0.313322 0.224526 0.280571 0.491121 0.357231
# log_m_nodes:
 -0.100044 -0.0538973 0.240447 -0.0629077 -0.0789393 0.0829474 -0.0361805 0.0445681 -0.0482937 0.0527214 -0.114891 0.102154
# log_age_tau2[1]:
0.325000000000
# log_age_tau2[2]:
0.325000000000
# log_age_tau2[3]:
0.325000000000
# phi1[1]:
0.0100000000000
# phi1[2]:
0.0100000000000
# phi1[3]:
0.0100000000000
# phi2[1]:
0.500000000000
# phi2[2]:
0.500000000000
# phi2[3]:
0.500000000000
# log_degrees_of_freedom[1]:
5.35000000000
# log_degrees_of_freedom[2]:
5.35000000000
# log_degrees_of_freedom[3]:
5.35000000000
# gamma_r:
0.00000000000
