"","year","gear","area","group","sex","type","value"
"1",1951,1,1,1,0,1,43.798
"2",1952,1,1,1,0,1,45.885
"3",1953,1,1,1,0,1,8.425
"4",1954,1,1,1,0,1,65.767
"5",1955,1,1,1,0,1,68.641
"6",1956,1,1,1,0,1,72.062
"7",1957,1,1,1,0,1,59.608
"8",1958,1,1,1,0,1,20.628
"9",1959,1,1,1,0,1,50.025
"10",1960,1,1,1,0,1,68.037
"11",1961,1,1,1,0,1,46.215
"12",1962,1,1,1,0,1,65.303
"13",1963,1,1,1,0,1,68.847
"14",1964,1,1,1,0,1,76.881
"15",1965,1,1,1,0,1,47.819
"16",1966,1,1,1,0,1,33.338
"17",1967,1,1,1,0,1,31.043
"18",1968,1,1,1,0,1,1.893
"19",1969,1,1,1,0,1,0.194
"20",1970,1,1,1,0,1,0.244
"21",1971,1,1,1,0,1,1.7
"22",1972,1,1,1,0,1,2.753
"23",1973,1,1,1,0,1,4.005
"24",1974,1,1,1,0,1,0.485
"25",1975,1,1,1,0,1,0.405
"26",1976,1,1,1,0,1,5.069
"27",1977,1,1,1,0,1,5.676
"28",1978,1,1,1,0,1,13.049
"29",1979,1,1,1,0,1,13.576
"30",1980,1,1,1,0,1,2.472
"31",1981,1,1,1,0,1,4.907
"32",1982,1,1,1,0,1,3.938
"33",1983,1,1,1,0,1,0.824
"34",1984,1,1,1,0,1,0.87
"35",1985,1,1,1,0,1,0.773
"36",1986,1,1,1,0,1,0.432
"37",1987,1,1,1,0,1,0.244
"38",1988,1,1,1,0,1,0.756
"39",1989,1,1,1,0,1,1.033
"40",1990,1,1,1,0,1,0.233
"41",1991,1,1,1,0,1,0.562
"42",1992,1,1,1,0,1,1.216
"43",1993,1,1,1,0,1,0.617
"44",1994,1,1,1,0,1,1.032
"45",1995,1,1,1,0,1,0.643
"46",1996,1,1,1,0,1,0.541
"47",1997,1,1,1,0,1,0.402
"48",1998,1,1,1,0,1,0.954
"49",1999,1,1,1,0,1,1.471
"50",2000,1,1,1,0,1,1.156
"51",2001,1,1,1,0,1,1.423
"52",2002,1,1,1,0,1,1.328
"53",2003,1,1,1,0,1,2.194
"54",2004,1,1,1,0,1,1.356
"55",2005,1,1,1,0,1,1.988
"56",2006,1,1,1,0,1,2.177
"57",2007,1,1,1,0,1,1.071
"58",2008,1,1,1,0,1,1.201
"59",2009,1,1,1,0,1,0.547
"60",2010,1,1,1,0,1,0.539
"61",2011,1,1,1,0,1,0.713
"62",2012,1,1,1,0,1,4.09
"63",2013,1,1,1,0,1,4.543
"64",2014,1,1,1,0,1,7.835
"65",2015,1,1,1,0,1,7.825
"66",2016,1,1,1,0,1,7.55
"67",2017,1,1,1,0,1,7.26
"68",2018,1,1,1,0,1,5.907
"69",2019,1,1,1,0,1,7.31
"70",2020,1,1,1,0,1,2.193
"71",2021,1,1,1,0,1,4.151
"72",2022,1,1,1,0,1,0.837
"73",1972,2,1,1,0,1,5.921
"74",1973,2,1,1,0,1,1.604
"75",1974,2,1,1,0,1,0.439
"76",1975,2,1,1,0,1,0.469
"77",1976,2,1,1,0,1,0.202
"78",1977,2,1,1,0,1,4.098
"79",1978,2,1,1,0,1,3.723
"80",1980,2,1,1,0,1,0.169
"81",1981,2,1,1,0,1,2.081
"82",1982,2,1,1,0,1,3.312
"83",1983,2,1,1,0,1,7.78
"84",1984,2,1,1,0,1,4.126
"85",1985,2,1,1,0,1,2.762
"86",1986,2,1,1,0,1,0.162
"87",1987,2,1,1,0,1,3.111
"88",1988,2,1,1,0,1,1.471
"89",1989,2,1,1,0,1,1.417
"90",1991,2,1,1,0,1,1.131
"91",1992,2,1,1,0,1,3.61
"92",1993,2,1,1,0,1,4.391
"93",1994,2,1,1,0,1,5.134
"94",1995,2,1,1,0,1,4.359
"95",1996,2,1,1,0,1,7.338
"96",1997,2,1,1,0,1,9.274
"97",1998,2,1,1,0,1,5.754
"98",1999,2,1,1,0,1,4.887
"99",2000,2,1,1,0,1,6.454
"100",2001,2,1,1,0,1,7.276
"101",2002,2,1,1,0,1,9.299
"102",2003,2,1,1,0,1,10.6
"103",2004,2,1,1,0,1,7.019
"104",2005,2,1,1,0,1,7.929
"105",2006,2,1,1,0,1,9.308
"106",2007,2,1,1,0,1,3.865
"107",2008,2,1,1,0,1,6.046
"108",2009,2,1,1,0,1,5.685
"109",2010,2,1,1,0,1,4.54
"110",2012,2,1,1,0,1,3.17
"111",2013,2,1,1,0,1,6.099
"112",2014,2,1,1,0,1,6.88
"113",2015,2,1,1,0,1,8.417
"114",2016,2,1,1,0,1,7.627
"115",2017,2,1,1,0,1,8.796
"116",2018,2,1,1,0,1,3.111
"117",2019,2,1,1,0,1,6.512
"118",2020,2,1,1,0,1,1.831
"119",2021,2,1,1,0,1,2.718
"120",2022,2,1,1,0,1,0.744
"121",1972,3,1,1,0,1,0.137
"122",1973,3,1,1,0,1,2.04
"123",1974,3,1,1,0,1,3.093
"124",1975,3,1,1,0,1,5.305
"125",1976,3,1,1,0,1,6.966
"126",1977,3,1,1,0,1,7.735
"127",1978,3,1,1,0,1,7.23
"128",1979,3,1,1,0,1,6.762
"129",1980,3,1,1,0,1,3.177
"130",1981,3,1,1,0,1,5.065
"131",1982,3,1,1,0,1,5.583
"132",1983,3,1,1,0,1,8.613
"133",1984,3,1,1,0,1,6.039
"134",1985,3,1,1,0,1,3.495
"135",1987,3,1,1,0,1,5.998
"136",1988,3,1,1,0,1,5.988
"137",1989,3,1,1,0,1,5.919
"138",1990,3,1,1,0,1,7.886
"139",1991,3,1,1,0,1,9.41
"140",1992,3,1,1,0,1,8.87
"141",1993,3,1,1,0,1,8.733
"142",1994,3,1,1,0,1,11.572
"143",1995,3,1,1,0,1,8.19
"144",1996,3,1,1,0,1,6.233
"145",1997,3,1,1,0,1,6.148
"146",1998,3,1,1,0,1,6.896
"147",1999,3,1,1,0,1,6.838
"148",2000,3,1,1,0,1,7.594
"149",2001,3,1,1,0,1,7.683
"150",2002,3,1,1,0,1,7.986
"151",2003,3,1,1,0,1,8.083
"152",2004,3,1,1,0,1,5.226
"153",2005,3,1,1,0,1,8.954
"154",2006,3,1,1,0,1,7.277
"155",2007,3,1,1,0,1,5.286
"156",2008,3,1,1,0,1,2.752
"157",2009,3,1,1,0,1,3.937
"158",2010,3,1,1,0,1,3.244
"159",2011,3,1,1,0,1,4.415
"160",2012,3,1,1,0,1,4.079
"161",2013,3,1,1,0,1,5.905
"162",2014,3,1,1,0,1,5.595
"163",2015,3,1,1,0,1,3.726
"164",2016,3,1,1,0,1,6.133
"165",2017,3,1,1,0,1,9.223
"166",2018,3,1,1,0,1,10.049
"167",2019,3,1,1,0,1,7.597
"168",2020,3,1,1,0,1,6.415
"169",2021,3,1,1,0,1,7.527
"170",2022,3,1,1,0,1,3.091
