# Number of parameters = 214 Objective function value = -772.256  Maximum gradient component = 0.000158850
# theta[1]:
 5.71971
# theta[2]:
 0.717156
# theta[3]:
 -0.871802
# theta[4]:
 5.26648
# theta[5]:
 5.44179
# theta[6]:
 0.283288
# theta[7]:
 1.24950
# sel_par[1]:
 1.66192 0.151351
# sel_par[2]:
 1.21206 -0.782679
# sel_par[3]:
 1.72016 -0.661680
# sel_par[4]:
 0.720276 -2.99573
# sel_par[5]:
 0.720276 -2.99573
# log_ft_pars:
 0.831258 1.38401 -1.73798 0.957826 0.726088 0.117340 1.40574 -0.461125 -0.214286 -0.0319196 0.546214 -0.155665 0.115344 -0.0518189 0.480436 -0.0164109 -0.168975 -1.05546 -1.35007 -0.307470 -1.79918 -3.24145 -3.68733 -3.92237 -2.99093 -2.53458 -0.655523 -1.08082 -2.03051 -1.41170 -1.62992 -4.51351 -4.22071 -4.02405 -5.05508 -5.34166 -5.29192 -5.77633 -6.55449 -4.54698 -7.36594 -9.35323 -9.24379 -7.63128 -6.75342 -1.13783 -2.09403 -2.00429 -2.44065 -1.86889 -1.10167 -1.78897 -2.01380 -1.91090 -2.73038 -4.75007 -2.89055 -2.48558 -2.36972 -2.79089 -2.17500 -2.02912 -2.41072 -2.87077 -3.08676 -2.50112 -2.21084 -3.30212 -4.50746 -2.74739 -2.95392 -2.22484 -2.66651 -2.37135 -2.17537 -2.57457 -3.44119 -3.13983 -3.54307 -3.04462 -3.75744 -6.51153 -0.871890 -5.95928 -3.32615 -1.68272 -0.562719 -0.991124 -1.06054 -2.21256 -1.73622 -1.13625 -1.11223 -1.25037 -0.976999 -0.668743 -1.41203 -1.48547 -0.808924 -0.612829 -1.31096 -2.00846 -1.12144 -0.144537 -0.554850 -1.48410 -0.987574 -1.44098 -0.963298 -0.842758 -0.931006 -0.988093 -1.20008 -1.52577 -1.39006 -1.45812 -1.92558 -1.78984 -2.08373
# init_log_rec_devs:
 1.32169 1.80116 0.648618 0.215548 -1.14812 -0.965801 -0.776754 -1.09634
# log_rec_devs:
 0.611876 0.266655 0.934709 -0.449603 0.308344 -0.289999 0.223761 0.952921 -0.167412 1.75673 1.21246 0.545333 1.79119 0.358462 -0.405434 -0.899620 -0.254638 -0.672783 -0.0908146 0.0703580 -0.817769 0.125595 0.150687 -0.236161 -1.00682 -0.669848 -1.29342 -1.36957 0.250504 -0.461775 -0.415426 -0.0296581 0.951595 0.00355188 -0.217613 0.747990 0.483539 0.0931995 -0.640473 0.750848 0.520619 -0.305659 -1.08117 -0.574027 0.615741 -0.141293 0.288470 -0.825104 -0.0530772 0.400688 -0.0664124 0.951725 -0.816732 -0.272952 -0.403709 0.657111 -0.402988 -0.405219 -0.0837051 0.230189 -0.389069 -0.0449160
# log_m_nodes:
 -0.282720 -0.0706155 0.285023 -0.00799400 -0.109311 -0.0203370 0.0878294 -0.0373159 0.0133587 0.0462183 -0.0443999 -0.117555
# log_age_tau2[1]:
0.325000000000
# log_age_tau2[2]:
0.325000000000
# log_age_tau2[3]:
0.325000000000
# phi1[1]:
0.0100000000000
# phi1[2]:
0.0100000000000
# phi1[3]:
0.0100000000000
# phi2[1]:
0.500000000000
# phi2[2]:
0.500000000000
# phi2[3]:
0.500000000000
# log_degrees_of_freedom[1]:
5.35000000000
# log_degrees_of_freedom[2]:
5.35000000000
# log_degrees_of_freedom[3]:
5.35000000000
# gamma_r:
0.00000000000
