# Number of parameters = 182 Objective function value = -735.867  Maximum gradient component = 0.000276964
# theta[1]:
 6.30562
# theta[2]:
 0.767474
# theta[3]:
 -0.531362
# theta[4]:
 5.94736
# theta[5]:
 5.59175
# theta[6]:
 0.271688
# theta[7]:
 1.47759
# sel_par[1]:
 0.967572 -1.48417
# sel_par[2]:
 1.09352 -1.12443
# sel_par[3]:
 1.56868 -0.758666
# sel_par[4]:
 0.720276 -2.99573
# sel_par[5]:
 0.720276 -2.99573
# log_ft_pars:
 -0.630883 0.114853 -6.99156 0.171184 -1.33837 -0.545699 -2.78284 -4.53515 0.308297 0.691885 0.397218 -0.277937 -0.409596 -0.425906 -0.355587 0.0464992 0.443828 -11.5041 -7.78260 -3.02411 -6.38223 -27.7738 -10.2118 -9.94713 -10.7761 -11.0818 -10.6446 -9.09024 -10.3957 -1.97550 -1.21210 -1.59235 -1.54890 -1.25389 -1.29690 -2.27623 -1.47512 -3.26799 -2.25276 -2.76547 -1.53317 -1.48648 -5.32590 -5.54328 -1.34265 -1.98571 -1.79695 -1.78990 -1.73034 -2.53957 -2.01381 -1.94607 -2.82051 -3.60037 -1.77593 -1.88483 -2.02265 -3.12366 -3.91254 -2.10744 -1.22877 -0.719929 -2.55331 -1.75232 -1.30015 -0.685008 -0.893534 -0.467570 -0.902115 -2.16466 -1.87195 -1.72726 -1.81017 -2.48273 -1.96092 -2.54418 -1.67776 -2.47692 -2.11418 -3.28565 -3.14976 -1.90323 -2.47298 -2.73807 -2.88957 -1.83544 -1.95655 -0.916132
# init_log_rec_devs:
 0.544610 1.35384 -0.712743 -0.470895 -0.298013 -0.170605 -0.103123 -0.143071
# log_rec_devs:
 0.166674 0.0931782 0.720970 -0.0406201 0.294949 0.498796 0.328786 0.919938 0.604034 0.153903 0.833323 0.0357855 0.662458 -0.306508 -1.12803 0.135953 -0.0430944 -0.942289 0.190002 0.636294 0.356601 0.267026 0.411455 0.712172 -0.126248 -0.439973 0.173462 -0.766227 0.264645 0.0479964 -0.340206 -0.465605 0.0722977 0.807351 0.883515 -0.213508 1.27844 -0.348530 -0.206666 -0.641675 0.350167 -0.0651186 -0.273896 -0.923658 -0.509896 1.01352 0.0198266 -0.544012 -0.403557 0.0300112 0.360491 0.365270 -0.384637 -0.253762 -0.612274 -0.139057 -0.985587 -0.428000 -1.14463 -0.0551540 -0.956868
# log_m_nodes:
 -0.0504561 -0.0713712 0.121375 -0.00928164 -0.224436 0.220083 -0.0132443 -0.0418021 0.0597415 0.0604551 0.0410429 -0.202955
# log_age_tau2[1]:
0.325000000000
# log_age_tau2[2]:
0.325000000000
# log_age_tau2[3]:
0.325000000000
# phi1[1]:
0.0100000000000
# phi1[2]:
0.0100000000000
# phi1[3]:
0.0100000000000
# phi2[1]:
0.500000000000
# phi2[2]:
0.500000000000
# phi2[3]:
0.500000000000
# log_degrees_of_freedom[1]:
5.35000000000
# log_degrees_of_freedom[2]:
5.35000000000
# log_degrees_of_freedom[3]:
5.35000000000
# gamma_r:
0.00000000000
