# Number of parameters = 233 Objective function value = -862.006  Maximum gradient component = 0.000537164
# theta[1]:
 5.71017
# theta[2]:
 0.720069
# theta[3]:
 -0.858112
# theta[4]:
 5.28437
# theta[5]:
 5.50221
# theta[6]:
 0.284927
# theta[7]:
 1.28656
# sel_par[1]:
 1.61113 0.115530
# sel_par[2]:
 1.21706 -0.792938
# sel_par[3]:
 1.73930 -0.621217
# sel_par[4]:
 0.720276 -2.99573
# sel_par[5]:
 0.720276 -2.99573
# log_ft_pars:
 0.691299 1.23367 -1.87940 0.816519 0.580549 -0.0143890 1.27078 -0.594622 -0.334818 -0.137052 0.464017 -0.221826 0.0664053 -0.0826510 0.465895 -0.0166658 -0.145099 -1.03047 -1.40078 -0.388242 -1.88195 -3.32065 -3.76927 -4.01492 -3.08463 -2.62343 -0.749575 -1.19495 -2.15662 -1.54341 -1.74776 -4.58792 -4.29072 -4.09529 -5.13317 -5.43831 -5.41671 -5.92081 -6.70248 -4.69644 -7.51337 -9.48006 -9.37394 -7.77561 -6.90628 -4.03764 -3.15326 -3.48759 -3.23269 -1.10153 -2.04944 -1.96402 -2.41670 -1.85696 -1.09729 -1.79271 -2.01981 -1.91999 -2.74511 -4.75259 -2.86085 -2.45349 -2.33893 -2.77087 -2.18134 -2.06284 -2.45931 -2.92092 -3.13826 -2.54881 -2.24355 -3.31569 -4.52746 -2.76895 -2.98004 -2.25611 -2.70411 -2.41969 -2.22609 -2.62109 -3.40719 -3.05408 -3.41410 -2.86329 -3.48991 -3.06911 -3.09728 -3.14273 -3.30405 -2.96469 -6.44343 -0.795672 -5.88365 -3.25876 -1.63188 -0.529288 -0.959694 -1.02200 -2.17454 -1.68205 -1.07151 -1.02565 -1.17588 -0.932207 -0.633704 -1.39140 -1.48218 -0.808671 -0.589817 -1.27245 -1.97793 -1.09422 -0.103266 -0.488859 -1.43041 -0.953327 -1.41849 -0.947565 -0.816790 -0.907730 -0.959165 -1.18033 -1.50666 -1.32445 -1.29028 -1.64617 -1.39719 -1.56851 -1.40237 -1.58418 -1.73272 -1.34739 -1.40853
# init_log_rec_devs:
 1.28591 1.75686 0.594166 0.201705 -1.11929 -0.932344 -0.742035 -1.04497
# log_rec_devs:
 0.611705 0.282486 0.924095 -0.449487 0.322001 -0.278411 0.207713 0.929556 -0.214269 1.69072 1.13116 0.438874 1.63993 0.211706 -0.515968 -0.900019 -0.302049 -0.707439 -0.0828492 -0.00853513 -0.927068 0.0357018 0.0572519 -0.328107 -1.07504 -0.708832 -1.32381 -1.36496 0.280816 -0.461534 -0.419958 -0.0490686 0.916735 -0.0682191 -0.284168 0.716356 0.489601 0.104747 -0.586113 0.826131 0.629007 -0.245282 -1.05448 -0.523123 0.652868 -0.110783 0.315113 -0.818068 -0.0186455 0.440611 -0.0249590 1.02135 -0.754883 -0.162246 -0.303094 0.670498 -0.291133 -0.306049 0.164586 0.367352 -0.237756 0.171849 -0.865759 0.884723 0.0455246 -0.228550 -0.180049
# log_m_nodes:
 -0.273822 -0.0425462 0.265830 -0.0699819 -0.0835307 0.0428768 0.0405664 -0.0334193 0.0533119 0.00287400 -0.0113568 -0.0139948
# log_age_tau2[1]:
0.325000000000
# log_age_tau2[2]:
0.325000000000
# log_age_tau2[3]:
0.325000000000
# phi1[1]:
0.0100000000000
# phi1[2]:
0.0100000000000
# phi1[3]:
0.0100000000000
# phi2[1]:
0.500000000000
# phi2[2]:
0.500000000000
# phi2[3]:
0.500000000000
# log_degrees_of_freedom[1]:
5.35000000000
# log_degrees_of_freedom[2]:
5.35000000000
# log_degrees_of_freedom[3]:
5.35000000000
# gamma_r:
0.00000000000
