# Number of parameters = 235 Objective function value = -881.928  Maximum gradient component = 0.000565847
# theta[1]:
 5.73400
# theta[2]:
 0.717673
# theta[3]:
 -0.850220
# theta[4]:
 5.31538
# theta[5]:
 5.51651
# theta[6]:
 0.286188
# theta[7]:
 1.28573
# sel_par[1]:
 1.61783 0.111873
# sel_par[2]:
 1.21505 -0.799705
# sel_par[3]:
 1.73737 -0.626774
# sel_par[4]:
 0.720276 -2.99573
# sel_par[5]:
 0.720276 -2.99573
# log_ft_pars:
 0.710207 1.25016 -1.86521 0.832730 0.596655 -0.000207314 1.28391 -0.584732 -0.324839 -0.127410 0.472808 -0.214306 0.0717273 -0.0801687 0.462995 -0.0309240 -0.172449 -1.06229 -1.40685 -0.383425 -1.87110 -3.30643 -3.75248 -3.99976 -3.07286 -2.61575 -0.745294 -1.19483 -2.16121 -1.55114 -1.75720 -4.59020 -4.28914 -4.09029 -5.12518 -5.42827 -5.40689 -5.91308 -6.69750 -4.69369 -7.51305 -9.48240 -9.36659 -7.76684 -6.89619 -4.03924 -3.11033 -3.36217 -3.03654 -1.11191 -2.05584 -1.97008 -2.42226 -1.86208 -1.10319 -1.80340 -2.03741 -1.94729 -2.77617 -4.78131 -2.88161 -2.47031 -2.35007 -2.77870 -2.18785 -2.06921 -2.46717 -2.93279 -3.15449 -2.56619 -2.25986 -3.32959 -4.53687 -2.77785 -2.99048 -2.26676 -2.71493 -2.42864 -2.23157 -2.62552 -3.41882 -3.07308 -3.44486 -2.90696 -3.53909 -3.11003 -3.11265 -3.11704 -3.20714 -2.75929 -6.45319 -0.799316 -5.88746 -3.26489 -1.63971 -0.539264 -0.975792 -1.04559 -2.20253 -1.70108 -1.08716 -1.04006 -1.18697 -0.939813 -0.642987 -1.40352 -1.49538 -0.823631 -0.609373 -1.29389 -1.99527 -1.10658 -0.115302 -0.503629 -1.44396 -0.965380 -1.43047 -0.959233 -0.829631 -0.919241 -0.969925 -1.18956 -1.51490 -1.33742 -1.31284 -1.67839 -1.43838 -1.61751 -1.44938 -1.61061 -1.70925 -1.23609 -1.17163 -2.42870
# init_log_rec_devs:
 1.28077 1.75521 0.594969 0.197623 -1.11951 -0.931323 -0.740034 -1.03771
# log_rec_devs:
 0.593415 0.264807 0.910900 -0.459925 0.307479 -0.290999 0.199101 0.923384 -0.217501 1.68449 1.12414 0.433786 1.63460 0.213073 -0.509322 -0.891678 -0.285875 -0.692183 -0.0737188 -0.00747001 -0.935925 0.0233271 0.0420885 -0.347000 -1.09755 -0.727280 -1.33765 -1.37235 0.281508 -0.456090 -0.414066 -0.0444013 0.919569 -0.0692485 -0.292082 0.700731 0.467939 0.0814619 -0.608952 0.806948 0.613789 -0.254454 -1.06096 -0.532179 0.644490 -0.122560 0.299985 -0.834981 -0.0377112 0.421018 -0.0425452 1.00320 -0.774221 -0.185369 -0.327945 0.642893 -0.315480 -0.324338 0.159768 0.378721 -0.214167 0.171765 -0.811434 0.890236 0.0640509 -0.596262 0.552857 0.110348
# log_m_nodes:
 -0.266153 -0.0328716 0.255945 -0.0808405 -0.0769802 0.0527360 0.0261303 -0.0260069 0.0554498 -0.00991294 0.0147061 0.0573708
# log_age_tau2[1]:
0.325000000000
# log_age_tau2[2]:
0.325000000000
# log_age_tau2[3]:
0.325000000000
# phi1[1]:
0.0100000000000
# phi1[2]:
0.0100000000000
# phi1[3]:
0.0100000000000
# phi2[1]:
0.500000000000
# phi2[2]:
0.500000000000
# phi2[3]:
0.500000000000
# log_degrees_of_freedom[1]:
5.35000000000
# log_degrees_of_freedom[2]:
5.35000000000
# log_degrees_of_freedom[3]:
5.35000000000
# gamma_r:
0.00000000000
