# Number of parameters = 263 Objective function value = -1518.17  Maximum gradient component = 0.000864995
# theta[1]:
 7.37812
# theta[2]:
 0.766051
# theta[3]:
 -0.786329
# theta[4]:
 7.02466
# theta[5]:
 5.63196
# theta[6]:
 0.266487
# theta[7]:
 1.61646
# sel_par[1]:
 0.980062 -1.20775
# sel_par[2]:
 1.06944 -1.08882
# sel_par[3]:
 1.54409 -0.900879
# sel_par[4]:
 0.720276 -2.99573
# sel_par[5]:
 0.720276 -2.99573
# log_ft_pars:
 -0.418017 -0.324680 -2.15068 -0.530484 -0.482628 -0.0488605 0.307533 -0.626488 -0.249689 -0.0786492 -0.212470 -0.0549843 0.0453114 0.0645389 -0.0183292 0.205012 0.654295 -2.20582 -4.61934 -4.85046 -3.16067 -2.67899 -2.40048 -4.65632 -5.07942 -2.72013 -2.73441 -1.83619 -1.66841 -3.28423 -2.62092 -2.73531 -4.02401 -3.75347 -4.04401 -5.05111 -5.65841 -4.80148 -4.37183 -5.95797 -5.10217 -4.54421 -5.27084 -4.70021 -5.07912 -5.26802 -5.69213 -4.82746 -4.28712 -4.42216 -4.36716 -4.46405 -3.97107 -4.26952 -3.78332 -3.49702 -4.31913 -3.88352 -4.75866 -4.53892 -4.65943 -3.04615 -2.88454 -2.47563 -2.49552 -2.62621 -2.61460 -2.74636 -2.41478 -1.76820 -3.16678 -4.60433 -4.78735 -5.84094 -2.92736 -2.98799 -5.86190 -3.38379 -2.80618 -1.66665 -2.06998 -2.58697 -5.84643 -2.97547 -3.96589 -3.95589 -4.28131 -3.29102 -3.18034 -2.96665 -3.07044 -2.50949 -2.38658 -2.88710 -2.99159 -2.57600 -2.58291 -2.36463 -2.25628 -2.52331 -2.28943 -1.91804 -2.87193 -2.18239 -2.25990 -2.30761 -3.17542 -2.49462 -2.46398 -2.27733 -2.48940 -2.30097 -3.25231 -2.36167 -4.09425 -1.61534 -1.40665 -1.03221 -1.13450 -1.21257 -1.22945 -1.39703 -2.13704 -1.63378 -1.41622 -0.671840 -0.664237 -1.02736 -0.932183 -1.20639 -1.30660 -1.26780 -1.03503 -1.15583 -1.18139 -1.00555 -1.42836 -1.66365 -1.46055 -1.30858 -1.53848 -1.46337 -1.34288 -1.19517 -1.20926 -1.71182 -1.22531 -1.13458 -1.26614 -1.85042 -1.58138 -1.53845 -1.25809 -1.43397 -1.53706 -1.66408 -1.86048 -1.50876 -1.15272 -0.941399 -0.926189
# init_log_rec_devs:
 1.40436 0.985646 -0.694815 -0.532433 -0.389840 -0.281828 -0.190350 -0.300736
# log_rec_devs:
 -0.00805528 0.0758828 0.458029 0.261279 -0.379289 -0.741404 -0.601816 0.0307308 -0.0153170 -0.574184 0.229001 0.193891 0.525222 -0.131451 -0.432374 -0.216547 -0.219482 -0.940429 -0.0442501 -0.0177837 -0.318191 -0.411304 -0.295395 -0.0220121 -0.495862 0.00119862 -0.243418 -0.923347 -0.401385 -0.657260 -0.642044 -0.854034 -1.01140 -0.392181 0.256852 -0.329724 0.577779 -0.566301 0.368668 -0.219147 0.614648 0.282553 0.559463 -0.238152 0.446810 0.819243 0.859182 0.0373162 0.403215 0.530838 0.662527 0.648747 0.120225 0.135150 0.0310125 0.589358 -0.726457 0.565077 -1.06122 0.762551 0.254766 -0.323108 0.268702 0.371748 0.277222 0.240945 0.361862 0.310211 1.32241
# log_m_nodes:
 -0.0900117 -0.0508554 0.241365 -0.0866286 -0.0538576 0.0649370 -0.0220465 0.0297960 -0.0322644 0.0302502 -0.0773943 0.295386
# log_age_tau2[1]:
0.325000000000
# log_age_tau2[2]:
0.325000000000
# log_age_tau2[3]:
0.325000000000
# phi1[1]:
0.0100000000000
# phi1[2]:
0.0100000000000
# phi1[3]:
0.0100000000000
# phi2[1]:
0.500000000000
# phi2[2]:
0.500000000000
# phi2[3]:
0.500000000000
# log_degrees_of_freedom[1]:
5.35000000000
# log_degrees_of_freedom[2]:
5.35000000000
# log_degrees_of_freedom[3]:
5.35000000000
# gamma_r:
0.00000000000
