# Number of parameters = 191 Objective function value = -787.283  Maximum gradient component = 0.000311702
# theta[1]:
 6.31948
# theta[2]:
 0.741189
# theta[3]:
 -0.541319
# theta[4]:
 5.93073
# theta[5]:
 5.56301
# theta[6]:
 0.298138
# theta[7]:
 1.38800
# sel_par[1]:
 0.967240 -1.48495
# sel_par[2]:
 1.09234 -1.14421
# sel_par[3]:
 1.56786 -0.765454
# sel_par[4]:
 0.720276 -2.99573
# sel_par[5]:
 0.720276 -2.99573
# log_ft_pars:
 -0.625747 0.122305 -6.98048 0.181354 -1.32057 -0.522683 -2.75913 -4.52143 0.316785 0.698198 0.394976 -0.297103 -0.456425 -0.488114 -0.405806 0.0440618 0.450055 -11.6066 -7.84242 -3.03492 -6.32745 -27.6704 -10.1045 -9.87013 -10.8795 -11.1953 -10.5786 -9.04427 -10.3820 -2.00496 -1.28417 -1.68749 -1.64853 -1.34351 -1.35803 -2.28890 -1.42208 -3.16785 -2.14719 -2.68896 -1.51598 -1.54238 -5.43072 -5.65787 -1.44598 -2.07418 -1.84192 -1.79004 -1.68856 -2.47535 -1.94300 -1.87991 -2.77378 -3.58306 -1.80118 -1.94942 -2.11915 -3.23013 -3.94898 -2.09337 -1.16056 -0.604850 -2.61225 -1.83190 -1.38034 -0.763936 -0.955492 -0.484428 -0.851254 -2.06401 -1.76209 -1.64701 -1.78989 -2.53519 -2.05849 -2.62098 -1.71620 -2.47551 -2.06980 -3.21133 -3.07597 -1.96273 -2.56656 -2.84233 -2.92817 -1.82135 -1.88933 -0.794133
# init_log_rec_devs:
 0.560029 1.36444 -0.716889 -0.477209 -0.303809 -0.173044 -0.104930 -0.148589
# log_rec_devs:
 0.171443 0.0965846 0.735868 -0.0340093 0.294766 0.487852 0.317349 0.909966 0.591103 0.143523 0.836705 0.0764629 0.745369 -0.199522 -1.04297 0.265943 -0.0114240 -1.01746 0.0792398 0.553772 0.345038 0.341793 0.552867 0.889295 0.0705727 -0.259032 0.295345 -0.726494 0.231420 -0.0439232 -0.456527 -0.550826 0.0543731 0.852914 1.00361 -0.0480292 1.45257 -0.204139 -0.109444 -0.604167 0.348950 -0.0986793 -0.322732 -0.971586 -0.550701 1.00422 0.0678829 -0.448323 -0.275639 0.162942 0.471225 0.443688 -0.388913 -0.311714 -0.729109 -0.246933 -1.03628 -0.373630 -0.899353 0.0969438 -1.24726 -1.08570 -0.175802 -0.420983 0.820889 -1.04482 -0.979797 0.175510 -0.0860537 1.01398
# log_m_nodes:
 -0.0436360 -0.0699972 0.175353 -0.202024 0.0665786 0.0755999 -0.0611777 0.0527246 0.0778330 -0.0384073 -0.0349947 0.129457
# log_age_tau2[1]:
0.325000000000
# log_age_tau2[2]:
0.325000000000
# log_age_tau2[3]:
0.325000000000
# phi1[1]:
0.0100000000000
# phi1[2]:
0.0100000000000
# phi1[3]:
0.0100000000000
# phi2[1]:
0.500000000000
# phi2[2]:
0.500000000000
# phi2[3]:
0.500000000000
# log_degrees_of_freedom[1]:
5.35000000000
# log_degrees_of_freedom[2]:
5.35000000000
# log_degrees_of_freedom[3]:
5.35000000000
# gamma_r:
0.00000000000
