# Number of parameters = 181 Objective function value = -731.445  Maximum gradient component = 0.000140440
# theta[1]:
 6.30507
# theta[2]:
 0.773943
# theta[3]:
 -0.529257
# theta[4]:
 5.95915
# theta[5]:
 5.59902
# theta[6]:
 0.265911
# theta[7]:
 1.47238
# sel_par[1]:
 0.967369 -1.48517
# sel_par[2]:
 1.09257 -1.12206
# sel_par[3]:
 1.56853 -0.757756
# sel_par[4]:
 0.720276 -2.99573
# sel_par[5]:
 0.720276 -2.99573
# log_ft_pars:
 -0.633625 0.110510 -6.99664 0.165993 -1.34425 -0.551309 -2.78756 -4.53732 0.307101 0.690841 0.396500 -0.278989 -0.410030 -0.427434 -0.358005 0.0450848 0.447121 -11.5070 -7.78504 -3.02151 -6.37163 -27.7566 -10.1957 -9.93844 -10.7942 -11.0930 -10.6687 -9.11737 -10.4162 -1.97164 -1.21062 -1.59426 -1.55300 -1.25838 -1.30029 -2.27494 -1.46564 -3.25297 -2.23780 -2.75769 -1.53778 -1.50430 -5.34688 -5.55619 -1.34434 -1.97608 -1.77871 -1.77143 -1.71901 -2.54091 -2.02805 -1.97092 -2.84854 -3.62304 -1.78626 -1.87852 -2.00247 -3.09721 -3.90014 -2.10789 -1.24624 -0.761540 -2.55312 -1.75515 -1.30459 -0.689952 -0.896884 -0.466707 -0.893539 -2.15008 -1.85831 -1.72060 -1.81582 -2.50180 -1.96348 -2.53533 -1.66112 -2.45922 -2.10345 -3.28787 -3.17620 -1.89871 -2.45383 -2.71183 -2.87874 -1.83845 -1.97621 -0.960807
# init_log_rec_devs:
 0.541326 1.35150 -0.711604 -0.469586 -0.296874 -0.170169 -0.102736 -0.141856
# log_rec_devs:
 0.159333 0.0882933 0.714658 -0.0452903 0.290479 0.494654 0.322820 0.912867 0.596268 0.145075 0.824041 0.0246862 0.651001 -0.317454 -1.13827 0.125456 -0.0270929 -0.932030 0.188359 0.622494 0.335870 0.243223 0.392978 0.698762 -0.133416 -0.446808 0.163190 -0.783903 0.237285 0.0125694 -0.377386 -0.496589 0.0548766 0.805178 0.888071 -0.212533 1.26759 -0.375231 -0.245399 -0.682398 0.313649 -0.0862183 -0.280072 -0.916140 -0.494602 1.02525 0.0185501 -0.563501 -0.438494 -0.0159133 0.314154 0.325694 -0.403739 -0.254243 -0.588675 -0.105734 -0.947966 -0.335524 -1.36758 -0.245169
# log_m_nodes:
 -0.0497625 -0.0721044 0.114929 0.0105679 -0.237657 0.195645 0.0280477 -0.0711373 0.0702017 0.0449567 0.0753100 -0.0803590
# log_age_tau2[1]:
0.325000000000
# log_age_tau2[2]:
0.325000000000
# log_age_tau2[3]:
0.325000000000
# phi1[1]:
0.0100000000000
# phi1[2]:
0.0100000000000
# phi1[3]:
0.0100000000000
# phi2[1]:
0.500000000000
# phi2[2]:
0.500000000000
# phi2[3]:
0.500000000000
# log_degrees_of_freedom[1]:
5.35000000000
# log_degrees_of_freedom[2]:
5.35000000000
# log_degrees_of_freedom[3]:
5.35000000000
# gamma_r:
0.00000000000
