# Number of parameters = 191 Objective function value = -768.741  Maximum gradient component = 3.66739e-005
# theta[1]:
 6.28654
# theta[2]:
 0.740195
# theta[3]:
 -0.547301
# theta[4]:
 5.90389
# theta[5]:
 5.54159
# theta[6]:
 0.304242
# theta[7]:
 1.41825
# sel_par[1]:
 0.966888 -1.48417
# sel_par[2]:
 1.09299 -1.14328
# sel_par[3]:
 1.56770 -0.766435
# sel_par[4]:
 0.720276 -2.99573
# sel_par[5]:
 0.720276 -2.99573
# log_ft_pars:
 -0.617456 0.135580 -6.96546 0.199345 -1.29855 -0.501125 -2.74019 -4.51114 0.323240 0.704756 0.405453 -0.282451 -0.442038 -0.475028 -0.394815 0.0536345 0.457937 -11.6029 -7.83985 -3.03127 -6.32163 -27.6663 -10.0940 -9.85658 -10.8589 -11.1780 -10.5703 -9.03586 -10.3743 -1.99097 -1.27403 -1.68045 -1.64359 -1.34026 -1.35492 -2.28425 -1.41546 -3.15863 -2.13583 -2.67467 -1.49810 -1.52052 -5.40828 -5.63888 -1.42980 -2.05870 -1.82954 -1.77846 -1.67700 -2.46392 -1.93298 -1.87028 -2.76442 -3.57371 -1.79031 -1.93882 -2.10850 -3.22013 -3.93963 -2.08499 -1.15373 -0.598445 -2.60037 -1.82237 -1.37396 -0.760563 -0.953429 -0.481358 -0.845235 -2.05539 -1.75101 -1.63345 -1.77278 -2.51373 -2.04320 -2.60650 -1.70355 -2.46450 -2.05837 -3.19964 -3.06546 -1.95240 -2.55604 -2.83244 -2.92294 -1.81710 -1.88503 -0.789413
# init_log_rec_devs:
 0.569207 1.37086 -0.718936 -0.479991 -0.306693 -0.175471 -0.106852 -0.152123
# log_rec_devs:
 0.183627 0.100355 0.739606 -0.0378548 0.289949 0.481171 0.317077 0.917067 0.602356 0.152847 0.839474 0.0781307 0.747298 -0.194570 -1.03425 0.281120 -0.0182325 -1.02242 0.0732050 0.556953 0.356528 0.359224 0.573176 0.908727 0.0924971 -0.235527 0.317360 -0.705603 0.252625 -0.0269303 -0.443023 -0.539700 0.0621449 0.854029 1.00778 -0.0409391 1.46000 -0.194263 -0.0975736 -0.589720 0.365045 -0.0786773 -0.302680 -0.950564 -0.530646 1.02178 0.0865163 -0.431249 -0.258041 0.176687 0.483084 0.457642 -0.374934 -0.294448 -0.709481 -0.225872 -1.01053 -0.345902 -0.871605 0.121771 -1.22567 -1.07139 -0.167033 -0.429032 0.791251 -0.999832 -0.902268 0.197876 0.0457910 0.00868655
# log_m_nodes:
 -0.0477614 -0.0714322 0.179235 -0.202983 0.0692295 0.0734761 -0.0600226 0.0527033 0.0773237 -0.0360757 -0.0446232 0.0747796
# log_age_tau2[1]:
0.325000000000
# log_age_tau2[2]:
0.325000000000
# log_age_tau2[3]:
0.325000000000
# phi1[1]:
0.0100000000000
# phi1[2]:
0.0100000000000
# phi1[3]:
0.0100000000000
# phi2[1]:
0.500000000000
# phi2[2]:
0.500000000000
# phi2[3]:
0.500000000000
# log_degrees_of_freedom[1]:
5.35000000000
# log_degrees_of_freedom[2]:
5.35000000000
# log_degrees_of_freedom[3]:
5.35000000000
# gamma_r:
0.00000000000
