# Number of parameters = 187 Objective function value = -748.884  Maximum gradient component = 2.79538e-005
# theta[1]:
 6.35200
# theta[2]:
 0.738214
# theta[3]:
 -0.527022
# theta[4]:
 5.96109
# theta[5]:
 5.61496
# theta[6]:
 0.279694
# theta[7]:
 1.45674
# sel_par[1]:
 0.968331 -1.48403
# sel_par[2]:
 1.09028 -1.16216
# sel_par[3]:
 1.56778 -0.767158
# sel_par[4]:
 0.720276 -2.99573
# sel_par[5]:
 0.720276 -2.99573
# log_ft_pars:
 -0.646084 0.0902147 -7.01796 0.144721 -1.36561 -0.566622 -2.79812 -4.54318 0.304086 0.685568 0.377554 -0.314176 -0.458672 -0.477038 -0.395565 0.0248525 0.415707 -11.5723 -7.80339 -3.02170 -6.36760 -27.7631 -10.2472 -10.0257 -10.8772 -11.1262 -10.7008 -9.14172 -10.4290 -2.05014 -1.30019 -1.67693 -1.62014 -1.30400 -1.32085 -2.27888 -1.46221 -3.26996 -2.29139 -2.84591 -1.65237 -1.62440 -5.43256 -5.59357 -1.33672 -1.96029 -1.75992 -1.76010 -1.72000 -2.56355 -2.06052 -2.00440 -2.87305 -3.63006 -1.80375 -1.89489 -2.01994 -3.11884 -3.91741 -2.11746 -1.23133 -0.726248 -2.62100 -1.81613 -1.34881 -0.723444 -0.918077 -0.469118 -0.887229 -2.16027 -1.90030 -1.80003 -1.92183 -2.61215 -1.94555 -2.49991 -1.62775 -2.44244 -2.09992 -3.29697 -3.19708 -1.89594 -2.46218 -2.72712 -2.89143 -1.84033 -1.95843 -0.913943
# init_log_rec_devs:
 0.538214 1.34936 -0.712644 -0.469570 -0.296126 -0.167626 -0.100924 -0.140688
# log_rec_devs:
 0.174013 0.119470 0.746269 -0.00790137 0.322591 0.520252 0.338269 0.916950 0.595473 0.152737 0.853321 0.0778133 0.725436 -0.238165 -1.07584 0.191749 -0.0620450 -1.00192 0.132327 0.626938 0.409755 0.384990 0.550990 0.846311 -0.0152944 -0.360951 0.202240 -0.773111 0.243930 0.0400457 -0.311720 -0.373336 0.223726 0.962293 1.02019 -0.134797 1.28872 -0.384495 -0.259472 -0.695729 0.332143 -0.0475265 -0.218220 -0.846052 -0.447838 1.06910 0.0609888 -0.524620 -0.412264 0.0126195 0.336665 0.356310 -0.407317 -0.245465 -0.604918 -0.132123 -0.981003 -0.377526 -0.981527 -0.0280113 -1.37934 -1.19009 -0.169336 -0.635053 0.649976 -0.161586
# log_m_nodes:
 -0.0383920 -0.0718296 0.151475 -0.119546 -0.0791541 0.195331 -0.113228 0.0595681 0.0406567 0.0716517 -0.108357 0.100875
# log_age_tau2[1]:
0.325000000000
# log_age_tau2[2]:
0.325000000000
# log_age_tau2[3]:
0.325000000000
# phi1[1]:
0.0100000000000
# phi1[2]:
0.0100000000000
# phi1[3]:
0.0100000000000
# phi2[1]:
0.500000000000
# phi2[2]:
0.500000000000
# phi2[3]:
0.500000000000
# log_degrees_of_freedom[1]:
5.35000000000
# log_degrees_of_freedom[2]:
5.35000000000
# log_degrees_of_freedom[3]:
5.35000000000
# gamma_r:
0.00000000000
