# Number of parameters = 186 Objective function value = -663.313  Maximum gradient component = 0.00849904
# theta[1]:
 6.04791
# theta[2]:
 0.766650
# theta[3]:
 -0.615173
# theta[4]:
 5.65139
# theta[5]:
 5.31354
# theta[6]:
 0.291824
# theta[7]:
 1.42455
# sel_par[1]:
 0.955939 -1.49960
# sel_par[2]:
 0.701461 -5.09592
# sel_par[3]:
 1.53937 -0.778822
# sel_par[4]:
 0.720276 -2.99573
# sel_par[5]:
 0.720276 -2.99573
# log_ft_pars:
 -0.541231 0.257811 -6.83137 0.342760 -1.12105 -0.335848 -2.59801 -4.43523 0.361888 0.741124 0.482641 -0.150571 -0.271799 -0.296773 -0.218511 0.220591 0.555628 -11.4100 -7.62168 -2.77615 -6.06094 -27.4203 -9.89240 -9.67998 -10.5232 -10.8313 -10.6377 -9.08948 -10.3748 -2.11216 -1.36352 -1.73527 -1.69166 -1.27206 -1.25832 -2.23285 -1.26516 -3.13549 -2.11056 -2.63394 -1.46759 -1.54839 -5.43068 -5.59089 -1.25558 -2.13919 -1.72551 -1.80232 -1.78293 -2.76696 -2.17883 -2.09870 -2.92696 -3.73427 -2.09223 -1.99235 -2.13167 -3.31083 -4.19138 -2.39825 -1.44226 -1.05856 -2.61056 -1.79937 -1.32973 -0.693180 -0.850434 -0.351620 -0.706442 -1.94503 -1.69527 -1.60331 -1.72063 -2.43298 -1.90322 -2.48238 -1.65458 -2.46950 -2.13463 -3.36505 -3.27512 -2.03069 -2.58881 -2.87562 -3.11738 -2.07343 -2.20026 -1.22178
# init_log_rec_devs:
 0.671591 1.44157 -0.733469 -0.507246 -0.338124 -0.207679 -0.132272 -0.194367
# log_rec_devs:
 0.286827 0.113095 0.771205 -0.0736561 0.263337 0.446971 0.342346 1.02278 0.747870 0.277599 0.896016 0.0850481 0.715385 -0.259459 -1.11600 0.282506 -0.212456 -1.10875 0.0544207 0.596940 0.423661 0.458305 0.596281 0.863165 0.0568135 -0.329275 0.0613391 -0.893252 -0.0427529 -0.251295 -0.635362 -0.624746 -0.0186327 0.619472 0.726931 -0.224929 1.17021 -0.387258 -0.218427 -0.607279 0.393929 0.0737283 -0.110030 -0.747317 -0.393164 1.11868 0.166219 -0.407368 -0.330654 0.0674262 0.379149 0.441913 -0.280189 -0.122865 -0.522910 -0.0750338 -0.954398 -0.367402 -0.890735 0.0721827 -1.23239 -1.03805 -0.0430620 -0.712080 0.639425
# log_m_nodes:
 -0.104254 -0.0750284 0.165565 -0.0836577 -0.152578 0.236120 -0.105536 0.0675677 0.0321152 0.0878127 -0.107824 0.0419463
# log_age_tau2[1]:
0.325000000000
# log_age_tau2[2]:
0.325000000000
# log_age_tau2[3]:
0.325000000000
# phi1[1]:
0.0100000000000
# phi1[2]:
0.0100000000000
# phi1[3]:
0.0100000000000
# phi2[1]:
0.500000000000
# phi2[2]:
0.500000000000
# phi2[3]:
0.500000000000
# log_degrees_of_freedom[1]:
5.35000000000
# log_degrees_of_freedom[2]:
5.35000000000
# log_degrees_of_freedom[3]:
5.35000000000
# gamma_r:
0.00000000000
