# Number of parameters = 211 Objective function value = -754.577  Maximum gradient component = 0.000395590
# theta[1]:
 5.73430
# theta[2]:
 0.723353
# theta[3]:
 -0.865209
# theta[4]:
 5.28976
# theta[5]:
 5.45726
# theta[6]:
 0.279435
# theta[7]:
 1.24127
# sel_par[1]:
 1.65988 0.147103
# sel_par[2]:
 1.22189 -0.751191
# sel_par[3]:
 1.71163 -0.676092
# sel_par[4]:
 0.720276 -2.99573
# sel_par[5]:
 0.720276 -2.99573
# log_ft_pars:
 0.824700 1.37531 -1.74700 0.950240 0.718089 0.109733 1.39623 -0.473570 -0.226242 -0.0435619 0.534463 -0.166700 0.107114 -0.0569209 0.476870 -0.0217619 -0.178576 -1.07086 -1.36976 -0.329362 -1.82158 -3.26112 -3.70386 -3.93542 -3.00115 -2.54427 -0.669656 -1.10397 -2.05976 -1.44375 -1.66147 -4.53476 -4.23750 -4.03615 -5.06252 -5.34677 -5.29772 -5.78391 -6.56445 -4.55952 -7.38021 -9.36589 -9.25265 -7.65372 -6.79212 -1.14465 -2.09882 -2.00165 -2.43598 -1.86571 -1.10018 -1.79065 -2.02507 -1.92016 -2.73960 -4.76618 -2.89564 -2.48419 -2.36964 -2.78501 -2.16268 -2.01775 -2.40480 -2.86643 -3.08072 -2.49780 -2.21113 -3.30183 -4.48634 -2.73104 -2.93742 -2.21734 -2.67028 -2.39134 -2.21720 -2.62204 -3.42987 -3.08668 -3.45145 -2.94330 -6.55505 -0.912884 -6.00014 -3.36294 -1.71295 -0.592653 -1.03481 -1.11387 -2.26934 -1.77341 -1.17146 -1.15135 -1.28125 -1.00012 -0.699220 -1.44510 -1.51458 -0.837685 -0.654084 -1.35170 -2.03489 -1.13756 -0.163155 -0.583415 -1.50574 -1.00521 -1.45951 -0.990140 -0.888630 -0.991916 -1.07010 -1.28608 -1.60465 -1.44837 -1.47051 -1.86450 -1.63965
# init_log_rec_devs:
 1.31518 1.79507 0.643466 0.213043 -1.14578 -0.962192 -0.772181 -1.08661
# log_rec_devs:
 0.597707 0.253883 0.921956 -0.463090 0.295933 -0.301065 0.213503 0.945584 -0.174478 1.75030 1.20641 0.537211 1.78003 0.342296 -0.424392 -0.922590 -0.266050 -0.673559 -0.0867381 0.0858973 -0.802189 0.135491 0.155593 -0.236240 -1.01691 -0.677435 -1.29474 -1.37025 0.251963 -0.447169 -0.399345 -0.0174512 0.958134 0.0106623 -0.220839 0.731969 0.456217 0.0676647 -0.666192 0.733868 0.501021 -0.314030 -1.08341 -0.585932 0.595409 -0.167892 0.255308 -0.860658 -0.0976338 0.357751 -0.0967703 0.937207 -0.811029 -0.237247 -0.421597 0.672376 -0.494250 -0.405934 -0.0958019 0.420662 -0.0390884
# log_m_nodes:
 -0.277820 -0.0746842 0.276554 0.0114609 -0.112616 -0.0309447 0.0875716 -0.0277364 0.000639067 0.0440867 -0.00409078 -0.0680598
# log_age_tau2[1]:
0.325000000000
# log_age_tau2[2]:
0.325000000000
# log_age_tau2[3]:
0.325000000000
# phi1[1]:
0.0100000000000
# phi1[2]:
0.0100000000000
# phi1[3]:
0.0100000000000
# phi2[1]:
0.500000000000
# phi2[2]:
0.500000000000
# phi2[3]:
0.500000000000
# log_degrees_of_freedom[1]:
5.35000000000
# log_degrees_of_freedom[2]:
5.35000000000
# log_degrees_of_freedom[3]:
5.35000000000
# gamma_r:
0.00000000000
