# Number of parameters = 190 Objective function value = -837.379  Maximum gradient component = 7.47720e-005
# theta[1]:
 5.93417
# theta[2]:
 0.823895
# theta[3]:
 -0.791494
# theta[4]:
 5.55152
# theta[5]:
 5.59950
# theta[6]:
 0.192596
# theta[7]:
 1.30571
# sel_par[1]:
 1.04583 -0.880604
# sel_par[2]:
 1.17228 -0.938150
# sel_par[3]:
 1.62045 -0.759713
# sel_par[4]:
 0.720276 -2.99573
# sel_par[5]:
 0.720276 -2.99573
# log_ft_pars:
 -0.414722 -0.0725190 -3.64438 -0.412573 -1.29110 0.441166 0.449099 -0.595985 0.100930 -1.75156 0.0759409 -0.869598 0.197356 0.351829 0.0207579 1.56520 0.491006 -1.91470 -4.48090 -1.88218 -4.26263 -6.84638 -4.56028 -8.64745 -8.65117 -9.43663 -7.52382 -9.89857 -6.78854 -7.43171 -6.10688 -0.932638 -1.40335 -2.07474 -2.27899 -1.62371 -1.97810 -1.45299 -5.53400 -3.43238 -3.29248 -2.32115 -2.38173 -2.61989 -2.37063 -2.35037 -1.84878 -1.83456 -1.30526 -1.46604 -1.50515 -1.21684 -1.09634 -1.64382 -1.97794 -1.36555 -1.70694 -1.52515 -1.41003 -1.80797 -2.16033 -1.86302 -1.41635 -1.26647 -2.96764 -3.86846 -2.02300 -0.507696 -0.728205 -0.716825 -0.702506 -0.107118 -3.05762 -1.93208 -1.96206 -2.22060 -1.91190 -2.09175 -2.45103 -2.67554 -2.62293 -1.50704 -1.74150 -2.24868 -2.41813 -1.74261 -1.98185 -2.33043 -3.45385 -3.43803 -2.74097 -2.11175 -2.80501 -3.29278 -3.24174 -3.37285
# init_log_rec_devs:
 1.07273 1.51115 0.367011 -0.862076 -0.668251 -0.506284 -0.373289 -0.540997
# log_rec_devs:
 0.00334978 0.0304068 1.41370 -0.320372 -0.165963 0.341990 0.401265 0.776373 -0.525721 0.464490 0.913545 0.679984 0.599369 0.0259785 -0.660777 1.69440 -0.748933 -0.524901 0.415799 0.325761 0.230657 0.314385 0.0705159 0.112237 -0.592881 -0.811214 -0.542970 -0.698874 1.57282 0.470715 0.447310 -0.370349 -0.517208 0.479913 -0.263433 0.0556821 1.26683 -0.822785 -1.32765 -0.343038 0.891051 -0.664862 -0.464687 -1.71721 -0.733134 0.543227 0.536793 -0.787198 -0.242733 -1.03985 -0.257293 0.579338 -0.347293 0.548926 -0.443152 0.0656527 -0.714777 0.867902 -0.468792 0.404766 -0.427075
# log_m_nodes:
 -0.144900 -0.0930372 0.189446 0.0316159 -0.172102 0.136635 0.000540597 -0.104752 0.0196436 0.106458 0.115047 -0.124245
# log_age_tau2[1]:
0.325000000000
# log_age_tau2[2]:
0.325000000000
# log_age_tau2[3]:
0.325000000000
# phi1[1]:
0.0100000000000
# phi1[2]:
0.0100000000000
# phi1[3]:
0.0100000000000
# phi2[1]:
0.500000000000
# phi2[2]:
0.500000000000
# phi2[3]:
0.500000000000
# log_degrees_of_freedom[1]:
5.35000000000
# log_degrees_of_freedom[2]:
5.35000000000
# log_degrees_of_freedom[3]:
5.35000000000
# gamma_r:
0.00000000000
