# Number of parameters = 228 Objective function value = -1291.63  Maximum gradient component = 0.000329819
# theta[1]:
 7.16570
# theta[2]:
 0.778790
# theta[3]:
 -0.803119
# theta[4]:
 6.77488
# theta[5]:
 5.54911
# theta[6]:
 0.216281
# theta[7]:
 1.54220
# sel_par[1]:
 0.971402 -1.24211
# sel_par[2]:
 1.04427 -1.12373
# sel_par[3]:
 1.53439 -0.917024
# sel_par[4]:
 0.720276 -2.99573
# sel_par[5]:
 0.720276 -2.99573
# log_ft_pars:
 -0.360779 -0.230334 -2.05147 -0.446638 -0.409082 0.0140569 0.375858 -0.534405 -0.184808 -0.0111726 -0.119265 0.0448265 0.163154 0.194091 0.116818 0.331757 0.718467 -2.07522 -4.51924 -4.77746 -3.06905 -2.53791 -2.20604 -4.43789 -4.87574 -2.54160 -2.58599 -1.71117 -1.55771 -3.19504 -2.54339 -2.65397 -3.91638 -3.59988 -3.85759 -4.87073 -5.48421 -4.64688 -4.23960 -5.85761 -5.02468 -4.49089 -5.22808 -4.65784 -5.01570 -5.17289 -5.55742 -4.66435 -4.11749 -4.26513 -4.23843 -4.37837 -3.92856 -4.26072 -3.79181 -3.49707 -4.30029 -3.84263 -4.77075 -4.49807 -1.66171 -3.00911 -4.42360 -4.61820 -5.68830 -2.81022 -2.88796 -5.79656 -3.32776 -2.74847 -1.58233 -1.94660 -2.44522 -5.70931 -2.83534 -3.85028 -3.84871 -4.23333 -3.27533 -3.16791 -2.95406 -3.03021 -2.45098 -2.29175 -2.75725 -2.84484 -2.44981 -2.48969 -2.31354 -2.24432 -2.53716 -2.32231 -1.94797 -2.89031 -2.16174 -2.30443 -2.31290 -4.00524 -1.47409 -1.24676 -0.885507 -1.00874 -1.10719 -1.14225 -1.32123 -2.07345 -1.58334 -1.36879 -0.603945 -0.551598 -0.879220 -0.824496 -1.09909 -1.22255 -1.21395 -1.00550 -1.14534 -1.18295 -1.00504 -1.40899 -1.61301 -1.37374 -1.19607 -1.41520 -1.34912 -1.25669 -1.15186 -1.20699 -1.74149 -1.26382 -1.16862 -1.28350 -1.85535 -1.59224 -1.61255
# init_log_rec_devs:
 1.41930 0.998890 -0.700159 -0.536419 -0.394693 -0.284885 -0.193144 -0.308892
# log_rec_devs:
 0.148470 0.164367 0.544919 0.351286 -0.265133 -0.603937 -0.518913 0.155353 0.115816 -0.464725 0.329284 0.275579 0.561839 -0.142611 -0.478943 -0.157068 -0.354473 -0.999475 0.0504977 0.123969 -0.204238 -0.371422 -0.347792 -0.100607 -0.571612 -0.0392584 -0.253057 -0.894699 -0.339181 -0.563935 -0.537090 -0.770288 -0.970526 -0.382391 0.239317 -0.352591 0.559563 -0.564559 0.392422 -0.161100 0.710735 0.413250 0.709123 -0.0890681 0.582473 0.912136 0.903393 0.0431149 0.385173 0.520491 0.690521 0.730703 0.267869 0.330508 0.251697 0.810252 -0.582481 0.825617 -1.75965 0.741079
# log_m_nodes:
 -0.160487 -0.0761794 0.195342 0.130391 -0.183016 0.0425307 0.0447323 -0.0236996 0.0506192 -0.0648869 0.0689560 -0.102208
# log_age_tau2[1]:
0.325000000000
# log_age_tau2[2]:
0.325000000000
# log_age_tau2[3]:
0.325000000000
# phi1[1]:
0.0100000000000
# phi1[2]:
0.0100000000000
# phi1[3]:
0.0100000000000
# phi2[1]:
0.500000000000
# phi2[2]:
0.500000000000
# phi2[3]:
0.500000000000
# log_degrees_of_freedom[1]:
5.35000000000
# log_degrees_of_freedom[2]:
5.35000000000
# log_degrees_of_freedom[3]:
5.35000000000
# gamma_r:
0.00000000000
