# Number of parameters = 183 Objective function value = -744.167  Maximum gradient component = 0.000150176
# theta[1]:
 6.29080
# theta[2]:
 0.736533
# theta[3]:
 -0.543616
# theta[4]:
 5.89179
# theta[5]:
 5.55069
# theta[6]:
 0.269971
# theta[7]:
 1.43094
# sel_par[1]:
 0.967086 -1.48300
# sel_par[2]:
 1.09521 -1.11848
# sel_par[3]:
 1.56925 -0.756708
# sel_par[4]:
 0.720276 -2.99573
# sel_par[5]:
 0.720276 -2.99573
# log_ft_pars:
 -0.617448 0.134840 -6.96960 0.193672 -1.31204 -0.521312 -2.76210 -4.52419 0.314675 0.698914 0.410558 -0.256614 -0.385137 -0.400718 -0.330200 0.0730126 0.441888 -11.4950 -7.76387 -3.00051 -6.35923 -27.7628 -10.2022 -9.93903 -10.7449 -11.0540 -10.6183 -9.05279 -10.3584 -1.97090 -1.20783 -1.58509 -1.53735 -1.23872 -1.27727 -2.25091 -1.45067 -3.24864 -2.24092 -2.75563 -1.51702 -1.45720 -5.28981 -5.51183 -1.32097 -1.97205 -1.79806 -1.79936 -1.74112 -2.54091 -2.00168 -1.91819 -2.78168 -3.56084 -1.74058 -1.86584 -2.02251 -3.13819 -3.91979 -2.09589 -1.19500 -0.657499 -2.55095 -1.74707 -1.29123 -0.671146 -0.874787 -0.445223 -0.878037 -2.14595 -1.86100 -1.71750 -1.79439 -2.45442 -1.93974 -2.53343 -1.67913 -2.48617 -2.12532 -3.28906 -3.12209 -1.88537 -2.47279 -2.75352 -2.89812 -1.82495 -1.92312 -0.854218
# init_log_rec_devs:
 0.563570 1.36697 -0.717330 -0.477082 -0.304112 -0.175121 -0.106722 -0.150178
# log_rec_devs:
 0.197695 0.112637 0.745906 -0.0250129 0.312643 0.516253 0.354186 0.955002 0.642216 0.188692 0.858266 0.0547280 0.679972 -0.293455 -1.12444 0.174726 -0.0864043 -1.01019 0.183747 0.657690 0.396815 0.315433 0.461590 0.758708 -0.0913521 -0.416249 0.191795 -0.751555 0.285642 0.0795451 -0.298734 -0.421192 0.111775 0.838955 0.906125 -0.195237 1.30348 -0.310207 -0.152087 -0.573905 0.422149 -0.000607230 -0.224733 -0.893444 -0.492187 1.02385 0.0319631 -0.517348 -0.354094 0.0992418 0.440223 0.439335 -0.336186 -0.239137 -0.628603 -0.154571 -0.975740 -0.399183 -0.988745 0.0495110 -1.12294 -1.71295
# log_m_nodes:
 -0.0555566 -0.0701140 0.125417 -0.0266378 -0.206270 0.236587 -0.0491849 -0.00951721 0.0444320 0.0811189 -0.00502896 -0.163171
# log_age_tau2[1]:
0.325000000000
# log_age_tau2[2]:
0.325000000000
# log_age_tau2[3]:
0.325000000000
# phi1[1]:
0.0100000000000
# phi1[2]:
0.0100000000000
# phi1[3]:
0.0100000000000
# phi2[1]:
0.500000000000
# phi2[2]:
0.500000000000
# phi2[3]:
0.500000000000
# log_degrees_of_freedom[1]:
5.35000000000
# log_degrees_of_freedom[2]:
5.35000000000
# log_degrees_of_freedom[3]:
5.35000000000
# gamma_r:
0.00000000000
