# Number of parameters = 235 Objective function value = -1315.28  Maximum gradient component = 0.000670308
# theta[1]:
 7.24701
# theta[2]:
 0.776894
# theta[3]:
 -0.783792
# theta[4]:
 6.89394
# theta[5]:
 5.61482
# theta[6]:
 0.244462
# theta[7]:
 1.61595
# sel_par[1]:
 0.980137 -1.21964
# sel_par[2]:
 1.06110 -1.09802
# sel_par[3]:
 1.53600 -0.918551
# sel_par[4]:
 0.720276 -2.99573
# sel_par[5]:
 0.720276 -2.99573
# log_ft_pars:
 -0.387553 -0.276721 -2.10233 -0.489301 -0.446357 -0.0190769 0.338983 -0.584567 -0.220428 -0.0492288 -0.167269 8.82910e-005 0.116301 0.149686 0.0708376 0.276100 0.672739 -2.14465 -4.60395 -4.84829 -3.13380 -2.60436 -2.27830 -4.51149 -4.94847 -2.62155 -2.67757 -1.82577 -1.69777 -3.33344 -2.66255 -2.74916 -3.99118 -3.66196 -3.90639 -4.91421 -5.54023 -4.71600 -4.32200 -5.93670 -5.09290 -4.53547 -5.24905 -4.65849 -5.01559 -5.18438 -5.59767 -4.73518 -4.20747 -4.35615 -4.31671 -4.43344 -3.96138 -4.27938 -3.80836 -3.52562 -4.33534 -3.86038 -4.67023 -4.34084 -4.37182 -2.71573 -1.70990 -3.06156 -4.47803 -4.67230 -5.75478 -2.88473 -2.98832 -5.92175 -3.43497 -2.83040 -1.64655 -1.99412 -2.47220 -5.73004 -2.87477 -3.89806 -3.91823 -4.28625 -3.29957 -3.17299 -2.93883 -3.01862 -2.44448 -2.31114 -2.81001 -2.92270 -2.52481 -2.54966 -2.35044 -2.26072 -2.54352 -2.32550 -1.96080 -2.90490 -2.17031 -2.18878 -2.12601 -2.84644 -4.05516 -1.52682 -1.30066 -0.940150 -1.07265 -1.18572 -1.24432 -1.45483 -2.20888 -1.69566 -1.45251 -0.668681 -0.608353 -0.923821 -0.864828 -1.15925 -1.29200 -1.27790 -1.05501 -1.17859 -1.19283 -0.998478 -1.39872 -1.61655 -1.40240 -1.25505 -1.49505 -1.43103 -1.32579 -1.20037 -1.23491 -1.75420 -1.27612 -1.19015 -1.31245 -1.86368 -1.52700 -1.38426 -0.974071 -1.01183
# init_log_rec_devs:
 1.40003 0.982014 -0.698743 -0.532670 -0.388777 -0.278525 -0.187845 -0.295480
# log_rec_devs:
 0.0879366 0.142353 0.519652 0.319939 -0.305659 -0.652987 -0.536465 0.121727 0.0787399 -0.490343 0.304316 0.253977 0.547535 -0.147730 -0.471658 -0.194821 -0.340988 -0.926745 0.0551911 0.118725 -0.204632 -0.359651 -0.322566 -0.0830239 -0.550514 -0.0183975 -0.207321 -0.824133 -0.252899 -0.473850 -0.457451 -0.710333 -0.929224 -0.381338 0.216909 -0.383816 0.540594 -0.562844 0.414795 -0.133797 0.724352 0.397074 0.656648 -0.165426 0.490185 0.835944 0.861176 0.0404100 0.411837 0.555473 0.710576 0.722363 0.225096 0.268398 0.183089 0.751647 -0.587193 0.676100 -1.16549 0.712255 0.266154 -0.369869
# log_m_nodes:
 -0.123230 -0.0614282 0.195221 0.0769934 -0.175459 0.0899037 -0.00934122 0.0145827 0.00637985 -0.0257187 0.0575009 -0.101547
# log_age_tau2[1]:
0.325000000000
# log_age_tau2[2]:
0.325000000000
# log_age_tau2[3]:
0.325000000000
# phi1[1]:
0.0100000000000
# phi1[2]:
0.0100000000000
# phi1[3]:
0.0100000000000
# phi2[1]:
0.500000000000
# phi2[2]:
0.500000000000
# phi2[3]:
0.500000000000
# log_degrees_of_freedom[1]:
5.35000000000
# log_degrees_of_freedom[2]:
5.35000000000
# log_degrees_of_freedom[3]:
5.35000000000
# gamma_r:
0.00000000000
