# Number of parameters = 259 Objective function value = -1481.96  Maximum gradient component = 0.000520936
# theta[1]:
 7.32424
# theta[2]:
 0.774970
# theta[3]:
 -0.788349
# theta[4]:
 6.97972
# theta[5]:
 5.62360
# theta[6]:
 0.268881
# theta[7]:
 1.66054
# sel_par[1]:
 0.979260 -1.20645
# sel_par[2]:
 1.06930 -1.08637
# sel_par[3]:
 1.54367 -0.905502
# sel_par[4]:
 0.720276 -2.99573
# sel_par[5]:
 0.720276 -2.99573
# log_ft_pars:
 -0.411256 -0.312117 -2.13672 -0.516744 -0.469728 -0.0379578 0.319319 -0.613712 -0.238967 -0.0676606 -0.200832 -0.0414954 0.0610391 0.0832933 0.00116132 0.220043 0.661205 -2.18377 -4.60882 -4.84934 -3.16201 -2.67582 -2.38735 -4.63212 -5.04783 -2.68686 -2.70371 -1.81249 -1.65598 -3.28580 -2.63381 -2.75404 -4.04116 -3.76020 -4.03190 -5.01949 -5.61232 -4.74907 -4.32673 -5.92628 -5.08875 -4.54753 -5.28628 -4.71843 -5.08930 -5.26158 -5.66371 -4.78015 -4.23082 -4.36580 -4.32123 -4.43675 -3.96488 -4.28296 -3.81017 -3.52812 -4.34035 -3.88320 -4.73512 -4.49259 -4.59610 -2.97713 -2.81430 -2.40803 -2.44048 -2.61197 -2.71572 -3.04954 -1.76405 -3.15285 -4.57974 -4.75544 -5.80756 -2.89639 -2.96418 -5.86294 -3.39606 -2.82403 -1.68357 -2.07617 -2.57407 -5.81425 -2.92943 -3.91319 -3.91065 -4.26733 -3.29349 -3.19468 -2.98405 -3.08010 -2.50269 -2.35814 -2.83968 -2.93531 -2.51974 -2.53660 -2.33652 -2.24913 -2.53567 -2.31511 -1.94789 -2.89234 -2.18207 -2.23606 -2.26155 -3.10654 -2.42458 -2.39634 -2.22267 -2.47494 -2.39782 -3.55701 -4.08851 -1.59992 -1.38311 -1.00234 -1.10292 -1.18417 -1.20666 -1.38524 -2.13866 -1.64559 -1.43300 -0.687695 -0.671163 -1.01382 -0.889561 -1.15731 -1.26205 -1.23960 -1.02165 -1.15882 -1.19465 -1.02172 -1.43811 -1.65764 -1.43302 -1.26294 -1.48402 -1.41067 -1.29906 -1.16863 -1.20315 -1.72497 -1.25059 -1.16367 -1.28640 -1.84997 -1.55788 -1.49085 -1.19700 -1.36554 -1.47182 -1.59979 -1.80976 -1.50153 -1.24382 -1.25378
# init_log_rec_devs:
 1.40425 0.985983 -0.695551 -0.532560 -0.389832 -0.281308 -0.190197 -0.300789
# log_rec_devs:
 0.0231981 0.0976679 0.475254 0.279814 -0.357796 -0.717030 -0.581525 0.0528372 0.00883446 -0.550175 0.250235 0.214009 0.539957 -0.122260 -0.428380 -0.200235 -0.242971 -0.952188 -0.0254305 0.0212598 -0.268695 -0.367179 -0.267277 -0.00838409 -0.494573 -0.00154188 -0.245130 -0.915395 -0.378178 -0.615306 -0.581802 -0.782786 -0.939888 -0.333525 0.291973 -0.322450 0.563857 -0.590798 0.347716 -0.223754 0.632626 0.325583 0.619761 -0.171563 0.507441 0.858753 0.871570 0.0241192 0.372369 0.495740 0.638545 0.647160 0.149262 0.191914 0.108178 0.675953 -0.653636 0.619258 -1.04674 0.751265 0.219582 -0.372912 0.217032 0.313324 0.224528 0.280573 0.491124 0.357233
# log_m_nodes:
 -0.100045 -0.0538973 0.240447 -0.0629074 -0.0789393 0.0829474 -0.0361804 0.0445682 -0.0482937 0.0527214 -0.114891 0.102154
# log_age_tau2[1]:
0.325000000000
# log_age_tau2[2]:
0.325000000000
# log_age_tau2[3]:
0.325000000000
# phi1[1]:
0.0100000000000
# phi1[2]:
0.0100000000000
# phi1[3]:
0.0100000000000
# phi2[1]:
0.500000000000
# phi2[2]:
0.500000000000
# phi2[3]:
0.500000000000
# log_degrees_of_freedom[1]:
5.35000000000
# log_degrees_of_freedom[2]:
5.35000000000
# log_degrees_of_freedom[3]:
5.35000000000
# gamma_r:
0.00000000000
