# Number of parameters = 190 Objective function value = -769.609  Maximum gradient component = 4.90598e-005
# theta[1]:
 6.29490
# theta[2]:
 0.740300
# theta[3]:
 -0.544749
# theta[4]:
 5.90563
# theta[5]:
 5.55036
# theta[6]:
 0.300557
# theta[7]:
 1.40267
# sel_par[1]:
 0.966933 -1.48457
# sel_par[2]:
 1.09278 -1.14385
# sel_par[3]:
 1.56790 -0.765580
# sel_par[4]:
 0.720276 -2.99573
# sel_par[5]:
 0.720276 -2.99573
# log_ft_pars:
 -0.620611 0.131119 -6.97034 0.193787 -1.30571 -0.508806 -2.74769 -4.51579 0.319791 0.700937 0.400147 -0.287980 -0.444055 -0.473290 -0.391270 0.0527236 0.448795 -11.6023 -7.82570 -3.01331 -6.30749 -27.6631 -10.1079 -9.88496 -10.8848 -11.1837 -10.6008 -9.07329 -10.4088 -2.01060 -1.28831 -1.68778 -1.64357 -1.33301 -1.34144 -2.26716 -1.40138 -3.15647 -2.14961 -2.70298 -1.53655 -1.56061 -5.43463 -5.64485 -1.41677 -2.03162 -1.79846 -1.75134 -1.66080 -2.46375 -1.94926 -1.90073 -2.80209 -3.60859 -1.81745 -1.95128 -2.10180 -3.19488 -3.90377 -2.05660 -1.13849 -0.601575 -2.61357 -1.82923 -1.37353 -0.753243 -0.940405 -0.465279 -0.831141 -2.05245 -1.76442 -1.66107 -1.81050 -2.55395 -2.02871 -2.57867 -1.67137 -2.43696 -2.04254 -3.20005 -3.09631 -1.96355 -2.54836 -2.80621 -2.88608 -1.78820 -1.87000 -0.793521
# init_log_rec_devs:
 0.565197 1.36820 -0.718300 -0.478818 -0.305400 -0.174266 -0.105965 -0.150653
# log_rec_devs:
 0.186622 0.105381 0.744030 -0.0312220 0.297501 0.490336 0.324738 0.922980 0.607689 0.160012 0.849747 0.0859502 0.750927 -0.197838 -1.04164 0.269955 -0.0493870 -1.03752 0.0789494 0.575027 0.380615 0.383028 0.592232 0.918546 0.0877970 -0.254477 0.288206 -0.737485 0.226989 -0.0365403 -0.432435 -0.509282 0.107768 0.902553 1.04358 -0.0298062 1.44643 -0.229029 -0.142140 -0.632405 0.334707 -0.0897606 -0.293153 -0.923339 -0.493305 1.06304 0.121000 -0.411882 -0.258625 0.156175 0.446532 0.412320 -0.419624 -0.325708 -0.718628 -0.214021 -0.984826 -0.316362 -0.851954 0.125860 -1.24172 -1.10055 -0.200210 -0.456091 0.777576 -0.996940 -0.886782 0.219122 0.0607743
# log_m_nodes:
 -0.0472349 -0.0717374 0.173948 -0.183521 0.0336449 0.105141 -0.0775674 0.0572244 0.0699033 -0.00884392 -0.0702850 0.0815681
# log_age_tau2[1]:
0.325000000000
# log_age_tau2[2]:
0.325000000000
# log_age_tau2[3]:
0.325000000000
# phi1[1]:
0.0100000000000
# phi1[2]:
0.0100000000000
# phi1[3]:
0.0100000000000
# phi2[1]:
0.500000000000
# phi2[2]:
0.500000000000
# phi2[3]:
0.500000000000
# log_degrees_of_freedom[1]:
5.35000000000
# log_degrees_of_freedom[2]:
5.35000000000
# log_degrees_of_freedom[3]:
5.35000000000
# gamma_r:
0.00000000000
