# Number of parameters = 188 Objective function value = -750.334  Maximum gradient component = 9.73647e-005
# theta[1]:
 6.32038
# theta[2]:
 0.735432
# theta[3]:
 -0.535030
# theta[4]:
 5.92608
# theta[5]:
 5.58611
# theta[6]:
 0.285424
# theta[7]:
 1.43291
# sel_par[1]:
 0.967779 -1.48370
# sel_par[2]:
 1.09536 -1.14170
# sel_par[3]:
 1.56821 -0.766763
# sel_par[4]:
 0.720276 -2.99573
# sel_par[5]:
 0.720276 -2.99573
# log_ft_pars:
 -0.635057 0.107841 -6.99747 0.166974 -1.33831 -0.540031 -2.77490 -4.53056 0.311506 0.692820 0.388450 -0.300857 -0.448968 -0.470882 -0.388786 0.0404053 0.426757 -11.5880 -7.80900 -3.01202 -6.33652 -27.7218 -10.1940 -9.97791 -10.8893 -11.1484 -10.6746 -9.13382 -10.4405 -2.03299 -1.29557 -1.68121 -1.62659 -1.31209 -1.32277 -2.26253 -1.42733 -3.21510 -2.23189 -2.79321 -1.61547 -1.60714 -5.43294 -5.60470 -1.35291 -1.95743 -1.74728 -1.72936 -1.67429 -2.50737 -2.01345 -1.97170 -2.86089 -3.63713 -1.81268 -1.91554 -2.03800 -3.12125 -3.87594 -2.06271 -1.17727 -0.671134 -2.61912 -1.82163 -1.35724 -0.732775 -0.922443 -0.460239 -0.855321 -2.11037 -1.84531 -1.75062 -1.88880 -2.60127 -1.96356 -2.50727 -1.61735 -2.41484 -2.05671 -3.24647 -3.16681 -1.92236 -2.48275 -2.73208 -2.85973 -1.79651 -1.90994 -0.866267
# init_log_rec_devs:
 0.550480 1.35793 -0.715429 -0.473716 -0.300236 -0.170594 -0.103231 -0.145205
# log_rec_devs:
 0.189707 0.124073 0.754671 -0.00933326 0.320220 0.515651 0.340876 0.928684 0.610430 0.165389 0.860990 0.0887366 0.742894 -0.216745 -1.05945 0.231168 -0.0689696 -1.03035 0.109632 0.616750 0.418981 0.408429 0.596790 0.899068 0.0457271 -0.304859 0.244993 -0.755554 0.244764 0.0178288 -0.344887 -0.404706 0.208271 0.970579 1.05884 -0.0769395 1.35401 -0.334808 -0.232163 -0.687125 0.322305 -0.0604985 -0.233003 -0.849169 -0.428091 1.10499 0.120206 -0.456472 -0.337527 0.0637339 0.362148 0.355501 -0.431147 -0.286940 -0.640135 -0.140038 -0.943942 -0.319494 -0.910702 0.0355295 -1.33605 -1.17045 -0.179777 -0.547408 0.681709 -0.744027 -0.573511
# log_m_nodes:
 -0.0422561 -0.0727932 0.160338 -0.141323 -0.0393923 0.165966 -0.106284 0.0623775 0.0508344 0.0463898 -0.104181 0.104915
# log_age_tau2[1]:
0.325000000000
# log_age_tau2[2]:
0.325000000000
# log_age_tau2[3]:
0.325000000000
# phi1[1]:
0.0100000000000
# phi1[2]:
0.0100000000000
# phi1[3]:
0.0100000000000
# phi2[1]:
0.500000000000
# phi2[2]:
0.500000000000
# phi2[3]:
0.500000000000
# log_degrees_of_freedom[1]:
5.35000000000
# log_degrees_of_freedom[2]:
5.35000000000
# log_degrees_of_freedom[3]:
5.35000000000
# gamma_r:
0.00000000000
