# Number of parameters = 198 Objective function value = -902.957  Maximum gradient component = 0.000101589
# theta[1]:
 5.91488
# theta[2]:
 0.827184
# theta[3]:
 -0.802632
# theta[4]:
 5.53211
# theta[5]:
 5.56655
# theta[6]:
 0.199729
# theta[7]:
 1.32363
# sel_par[1]:
 1.04555 -0.879833
# sel_par[2]:
 1.16709 -0.942827
# sel_par[3]:
 1.62763 -0.733068
# sel_par[4]:
 0.720276 -2.99573
# sel_par[5]:
 0.720276 -2.99573
# log_ft_pars:
 -0.403576 -0.0568965 -3.62725 -0.397645 -1.27821 0.453616 0.469701 -0.574491 0.121414 -1.73672 0.0814207 -0.872404 0.185746 0.337282 0.0338731 1.55127 0.494963 -1.86120 -4.42198 -1.84789 -4.25562 -6.86288 -4.55563 -8.60868 -8.61166 -9.40410 -7.50106 -9.88760 -6.77065 -7.42400 -6.12745 -0.935707 -1.42869 -2.11182 -2.31334 -1.64483 -1.97913 -1.43083 -5.50934 -3.41490 -3.28219 -2.31462 -2.37522 -2.60855 -2.36066 -2.35319 -1.85756 -1.85172 -1.33307 -1.49891 -1.52698 -1.23088 -1.10069 -1.64189 -1.97680 -1.35841 -1.69706 -1.52448 -1.42158 -1.83469 -2.19753 -1.89377 -1.43969 -1.27620 -2.97599 -3.41135 -4.91090 -3.86281 -2.03705 -0.527866 -0.742222 -0.720862 -0.689389 -0.0675500 -3.00421 -1.88913 -1.91627 -2.19510 -1.89646 -2.07882 -2.43403 -2.64946 -2.60423 -1.49538 -1.73193 -2.26265 -2.44712 -1.75807 -1.97104 -2.31733 -3.43561 -3.41873 -2.71860 -2.08111 -2.78157 -3.28974 -3.25405 -3.39548 -1.83405
# init_log_rec_devs:
 1.08840 1.52399 0.374559 -0.866272 -0.673970 -0.512656 -0.379818 -0.554238
# log_rec_devs:
 0.00454663 0.0283389 1.41268 -0.320510 -0.166134 0.339352 0.390138 0.760049 -0.540906 0.456567 0.916994 0.700050 0.642706 0.0773471 -0.636000 1.78302 -0.714839 -0.544547 0.335753 0.238886 0.164144 0.302966 0.0917660 0.157162 -0.556292 -0.778581 -0.516690 -0.693094 1.54979 0.432451 0.406275 -0.400399 -0.546523 0.469496 -0.273209 0.0471414 1.26740 -0.822370 -1.32181 -0.321206 0.920650 -0.629449 -0.416129 -1.68343 -0.698054 0.562623 0.530105 -0.776066 -0.240202 -1.03503 -0.229562 0.613453 -0.304559 0.594345 -0.406879 0.0942194 -0.711849 0.797796 -0.360367 0.321685 -0.853910 0.311830 -0.544451 0.796614 -0.669353 0.194059
# log_m_nodes:
 -0.146617 -0.0900725 0.249779 -0.107493 -0.0524575 0.125925 -0.0981403 -0.0242930 0.0658364 0.148737 -0.130604 -0.140852
# log_age_tau2[1]:
0.325000000000
# log_age_tau2[2]:
0.325000000000
# log_age_tau2[3]:
0.325000000000
# phi1[1]:
0.0100000000000
# phi1[2]:
0.0100000000000
# phi1[3]:
0.0100000000000
# phi2[1]:
0.500000000000
# phi2[2]:
0.500000000000
# phi2[3]:
0.500000000000
# log_degrees_of_freedom[1]:
5.35000000000
# log_degrees_of_freedom[2]:
5.35000000000
# log_degrees_of_freedom[3]:
5.35000000000
# gamma_r:
0.00000000000
