# Number of parameters = 236 Objective function value = -885.169  Maximum gradient component = 0.000135977
# theta[1]:
 5.75001
# theta[2]:
 0.723734
# theta[3]:
 -0.846764
# theta[4]:
 5.33297
# theta[5]:
 5.52805
# theta[6]:
 0.285011
# theta[7]:
 1.28436
# sel_par[1]:
 1.60246 0.0962080
# sel_par[2]:
 1.19260 -0.877480
# sel_par[3]:
 1.73486 -0.630043
# sel_par[4]:
 0.720276 -2.99573
# sel_par[5]:
 0.720276 -2.99573
# log_ft_pars:
 0.672192 1.20970 -1.90323 0.794463 0.555615 -0.0387046 1.24267 -0.627162 -0.364872 -0.164505 0.439301 -0.244851 0.0463251 -0.100448 0.443086 -0.0528503 -0.194832 -1.08999 -1.44673 -0.428873 -1.91742 -3.34774 -3.78734 -4.03106 -3.09978 -2.64088 -0.773521 -1.22940 -2.20280 -1.59914 -1.80539 -4.62867 -4.32632 -4.12323 -5.15146 -5.45127 -5.43020 -5.93548 -6.72108 -4.72280 -7.54877 -9.51938 -9.39987 -7.80469 -6.93762 -4.05658 -3.11278 -3.35929 -3.04336 -1.15861 -2.09680 -2.01035 -2.45070 -1.87967 -1.11952 -1.82899 -2.06171 -1.99744 -2.83242 -4.82232 -2.92551 -2.51138 -2.37243 -2.80190 -2.21454 -2.09003 -2.48061 -2.95542 -3.19091 -2.60034 -2.28522 -3.35003 -4.56422 -2.79898 -3.02211 -2.29785 -2.75788 -2.47192 -2.26243 -2.65923 -3.46662 -3.11349 -3.49024 -2.95959 -3.58241 -3.14343 -3.12843 -3.11870 -3.20417 -2.76230 -6.48336 -0.823719 -5.90741 -3.27892 -1.65026 -0.553051 -0.998236 -1.07370 -2.23459 -1.72309 -1.10692 -1.05759 -1.19804 -0.946168 -0.650434 -1.41171 -1.50402 -0.835169 -0.626772 -1.31508 -2.01558 -1.12323 -0.131323 -0.522862 -1.46096 -0.980141 -1.44581 -0.977640 -0.851546 -0.941512 -0.995203 -1.21481 -1.53978 -1.36452 -1.34281 -1.70815 -1.46776 -1.64564 -1.46934 -1.61733 -1.70402 -1.22440 -1.16393 -2.45906
# init_log_rec_devs:
 1.27503 1.75002 0.584523 0.195842 -1.11623 -0.926509 -0.734305 -1.02837
# log_rec_devs:
 0.580766 0.258051 0.902553 -0.470493 0.303607 -0.295538 0.193551 0.921409 -0.228072 1.67544 1.11232 0.416702 1.61223 0.186321 -0.534613 -0.911448 -0.291075 -0.688334 -0.0651507 0.000688980 -0.935237 0.0176424 0.0186360 -0.374615 -1.10725 -0.747188 -1.36494 -1.40204 0.272688 -0.473332 -0.428970 -0.0490865 0.916777 -0.0793357 -0.291601 0.685191 0.448480 0.0515531 -0.636974 0.772556 0.594871 -0.279738 -1.08313 -0.554958 0.637497 -0.134442 0.284054 -0.853442 -0.0530713 0.396378 -0.0553075 0.994558 -0.785972 -0.186126 -0.332697 0.635886 -0.309563 -0.321659 0.163480 0.382228 -0.216144 0.174968 -0.833212 0.821649 0.0427986 -0.609265 0.449444 0.736305 0.322734
# log_m_nodes:
 -0.262035 -0.0236135 0.244385 -0.0871755 -0.0733662 0.0637263 0.0111980 -0.0159685 0.0546697 -0.0165203 0.0247544 -0.00866748
# log_age_tau2[1]:
0.325000000000
# log_age_tau2[2]:
0.325000000000
# log_age_tau2[3]:
0.325000000000
# phi1[1]:
0.0100000000000
# phi1[2]:
0.0100000000000
# phi1[3]:
0.0100000000000
# phi2[1]:
0.500000000000
# phi2[2]:
0.500000000000
# phi2[3]:
0.500000000000
# log_degrees_of_freedom[1]:
5.35000000000
# log_degrees_of_freedom[2]:
5.35000000000
# log_degrees_of_freedom[3]:
5.35000000000
# gamma_r:
0.00000000000
