################################################################################
# Data file for Pacific Herring stock assessment using iSCAM
# Region(s):	West Coast of Vancouver Island
# Created:	2020-09-21
# Edited:	
################################################################################
#
##### Model dimensions #####
1	# Number of areas (narea)
1	# Number of groups (ngroup)
1	# Number of sexes (nsex)
1951	# First year (syr)
2020	# Last year (nyr)
2	# Youngest age (sage)
10	# Plus group (nage)
5	# Number of gears (ngear)
#
##### Fishery flags #####
1e-04	0.8242	0.1757	0	0	# TAC allocations (mean of last 20 years)
#
##### Age and population parameters #####
27	# Asymptotic length (linf)
0.48	# Brody growth coefficient (k)
0	# Theoretical age at zero length (t0)
4.5e-06	# Scalar in length-weight allometry (alpha)
3.127	# Power parameter in length-weight allometry (beta)
2.055	# Age at 50% maturity
0.05	# Standard deviation at 50% maturity
1	# Natural mortality indicator
0.24974, 0.9, 1, 1, 1, 1, 1, 1, 1	# Maturity vector
#
##### Delay-difference parameters (not used) #####
0	# (kage)
0	# (alpha_g)
0	# (rho_g)
0	# (wk)
#
##### Catch (t*10^3) #####
88	# Number of observations
# Year	Gear	Area	Group	Sex	Type	Value
1951	1	1	1	0	1	21.821
1952	1	1	1	0	1	27.008
1953	1	1	1	0	1	0.02
1954	1	1	1	0	1	33.209
1955	1	1	1	0	1	6.123
1956	1	1	1	0	1	17.098
1957	1	1	1	0	1	2.612
1958	1	1	1	0	1	0.556
1959	1	1	1	0	1	69.223
1960	1	1	1	0	1	53.911
1961	1	1	1	0	1	26.435
1962	1	1	1	0	1	23.684
1963	1	1	1	0	1	18.206
1964	1	1	1	0	1	21.266
1965	1	1	1	0	1	16.046
1966	1	1	1	0	1	10.843
1967	1	1	1	0	1	15.145
1975	1	1	1	0	1	0.001
1977	1	1	1	0	1	0.029
1978	1	1	1	0	1	2.839
1979	1	1	1	0	1	0.084
1980	1	1	1	0	1	0
1981	1	1	1	0	1	0.002
1982	1	1	1	0	1	0.002
1985	1	1	1	0	1	0.001
1986	1	1	1	0	1	0.001
1994	1	1	1	0	1	0.001
1995	1	1	1	0	1	0.004
1996	1	1	1	0	1	0.001
1972	2	1	1	0	1	6.894
1973	2	1	1	0	1	16.766
1974	2	1	1	0	1	12.394
1975	2	1	1	0	1	17.798
1976	2	1	1	0	1	22.82
1977	2	1	1	0	1	17.458
1978	2	1	1	0	1	5.151
1979	2	1	1	0	1	10.472
1980	2	1	1	0	1	1.682
1981	2	1	1	0	1	5.008
1982	2	1	1	0	1	2.37
1983	2	1	1	0	1	6.141
1984	2	1	1	0	1	5.718
1985	2	1	1	0	1	0.177
1986	2	1	1	0	1	0.203
1987	2	1	1	0	1	13.463
1988	2	1	1	0	1	8.276
1989	2	1	1	0	1	9.774
1990	2	1	1	0	1	7.89
1991	2	1	1	0	1	6.299
1992	2	1	1	0	1	3.086
1993	2	1	1	0	1	5.612
1994	2	1	1	0	1	5.332
1995	2	1	1	0	1	1.947
1996	2	1	1	0	1	0.79
1997	2	1	1	0	1	6.656
1998	2	1	1	0	1	5.45
1999	2	1	1	0	1	3.405
2000	2	1	1	0	1	0.926
2002	2	1	1	0	1	0.433
2003	2	1	1	0	1	2.571
2004	2	1	1	0	1	3.861
2005	2	1	1	0	1	3.373
1973	3	1	1	0	1	1.537
1974	3	1	1	0	1	3.94
1975	3	1	1	0	1	8.309
1976	3	1	1	0	1	16.005
1977	3	1	1	0	1	12.556
1978	3	1	1	0	1	14.755
1979	3	1	1	0	1	8.138
1980	3	1	1	0	1	2.3
1981	3	1	1	0	1	3.079
1982	3	1	1	0	1	3.115
1983	3	1	1	0	1	2.434
1984	3	1	1	0	1	0.858
1987	3	1	1	0	1	2.471
1988	3	1	1	0	1	1.448
1989	3	1	1	0	1	3.515
1990	3	1	1	0	1	1.959
1991	3	1	1	0	1	2.336
1992	3	1	1	0	1	0.627
1994	3	1	1	0	1	0.706
1998	3	1	1	0	1	1.534
1999	3	1	1	0	1	0.968
2000	3	1	1	0	1	0.7
2002	3	1	1	0	1	0.388
2003	3	1	1	0	1	0.945
2004	3	1	1	0	1	0.593
2005	3	1	1	0	1	0.896
#
##### Spawn (t*10^3) #####
2		# Number of survey types
37	33	# Number of years per survey
3	3	# Survey type (1=vuln. number, 2=vuln. biomass, 3=spawn biomass)
# Year	Spawn	Gear	Area	Group	Sex	Weight	Timing
1951	19.597	4	1	1	0	1	1
1952	13.31	4	1	1	0	1	1
1953	39.571	4	1	1	0	1	1
1954	20.648	4	1	1	0	1	1
1955	15.112	4	1	1	0	1	1
1956	27.183	4	1	1	0	1	1
1957	44.114	4	1	1	0	1	1
1958	18.986	4	1	1	0	1	1
1959	12.979	4	1	1	0	1	1
1960	6.015	4	1	1	0	1	1
1961	10.556	4	1	1	0	1	1
1962	34.47	4	1	1	0	1	1
1963	11.245	4	1	1	0	1	1
1964	22.761	4	1	1	0	1	1
1965	11.891	4	1	1	0	1	1
1966	3.722	4	1	1	0	1	1
1967	4.813	4	1	1	0	1	1
1968	11.029	4	1	1	0	1	1
1969	10.465	4	1	1	0	1	1
1970	26.912	4	1	1	0	1	1
1971	36.206	4	1	1	0	1	1
1972	41.857	4	1	1	0	1	1
1973	19.481	4	1	1	0	1	1
1974	25.54	4	1	1	0	1	1
1975	49.149	4	1	1	0	1	1
1976	64.2	4	1	1	0	1	1
1977	58.679	4	1	1	0	1	1
1978	45.607	4	1	1	0	1	1
1979	66.397	4	1	1	0	1	1
1980	62.308	4	1	1	0	1	1
1981	51.929	4	1	1	0	1	1
1982	33.483	4	1	1	0	1	1
1983	16.771	4	1	1	0	1	1
1984	24.087	4	1	1	0	1	1
1985	29.59	4	1	1	0	1	1
1986	39.514	4	1	1	0	1	1
1987	16.858	4	1	1	0	1	1
1988	46.242	5	1	1	0	1.1666	1
1989	47.718	5	1	1	0	1.1666	1
1990	46.448	5	1	1	0	1.1666	1
1991	29.996	5	1	1	0	1.1666	1
1992	42.366	5	1	1	0	1.1666	1
1993	34.392	5	1	1	0	1.1666	1
1994	25.249	5	1	1	0	1.1666	1
1995	27.128	5	1	1	0	1.1666	1
1996	33.121	5	1	1	0	1.1666	1
1997	45.362	5	1	1	0	1.1666	1
1998	41.011	5	1	1	0	1.1666	1
1999	19.734	5	1	1	0	1.1666	1
2000	12.799	5	1	1	0	1.1666	1
2001	13.414	5	1	1	0	1.1666	1
2002	21.242	5	1	1	0	1.1666	1
2003	31.397	5	1	1	0	1.1666	1
2004	16.432	5	1	1	0	1.1666	1
2005	9.664	5	1	1	0	1.1666	1
2006	2.875	5	1	1	0	1.1666	1
2007	2.246	5	1	1	0	1.1666	1
2008	2.739	5	1	1	0	1.1666	1
2009	10.607	5	1	1	0	1.1666	1
2010	2.464	5	1	1	0	1.1666	1
2011	9.663	5	1	1	0	1.1666	1
2012	5.407	5	1	1	0	1.1666	1
2013	12.258	5	1	1	0	1.1666	1
2014	13.937	5	1	1	0	1.1666	1
2015	11.323	5	1	1	0	1.1666	1
2016	20.528	5	1	1	0	1.1666	1
2017	15.734	5	1	1	0	1.1666	1
2018	28.107	5	1	1	0	1.1666	1
2019	17.03	5	1	1	0	1.1666	1
2020	18.761	5	1	1	0	1.1666	1
#
##### Number-at-age #####
3			# Number of gears
18	49	26	# Number of years per gear
2	2	2	# Youngest age
10	10	10	# Plus group
100	100	100	# Effective sample size
1	1	1	# Composition (1=age, 2=length)
# Year	Gear	Area	Group	Sex	2	3	4	5	6	7	8	9	10
1951	1	1	1	0	508	1519	1666	272	58	12	1	1	0
1952	1	1	1	0	97	1435	1230	1824	245	72	16	2	0
1953	1	1	1	0	565	2220	1086	65	19	2	0	0	0
1954	1	1	1	0	163	3852	1681	338	42	9	5	1	1
1955	1	1	1	0	422	1490	494	86	16	1	0	0	0
1956	1	1	1	0	575	2990	743	282	52	7	2	2	0
1957	1	1	1	0	16	423	146	2	1	0	0	0	0
1958	1	1	1	0	154	579	322	75	34	20	5	1	0
1959	1	1	1	0	155	1650	1004	528	141	88	74	21	4
1960	1	1	1	0	255	1575	671	252	81	27	10	4	2
1961	1	1	1	0	274	248	118	26	1	0	0	0	0
1962	1	1	1	0	59	1031	130	31	10	0	0	0	0
1963	1	1	1	0	39	985	1110	106	14	4	0	0	0
1964	1	1	1	0	30	713	305	123	10	3	0	0	0
1965	1	1	1	0	18	283	411	82	27	3	0	0	0
1966	1	1	1	0	1	124	100	64	8	3	0	0	0
1978	1	1	1	0	29	935	479	259	311	45	19	7	5
1984	1	1	1	0	2	42	10	2	1	3	0	0	0
1972	2	1	1	0	51	291	756	387	55	18	12	1	0
1973	2	1	1	0	18	784	625	823	277	40	7	2	0
1974	2	1	1	0	436	2333	1298	738	480	120	12	2	1
1975	2	1	1	0	60	5437	2005	1153	806	505	130	17	1
1976	2	1	1	0	19	818	4332	1828	1196	746	251	40	0
1977	2	1	1	0	35	838	2097	2507	834	301	112	19	3
1978	2	1	1	0	41	2396	1066	1000	1104	264	77	11	4
1979	2	1	1	0	30	530	1966	554	414	306	60	20	5
1980	2	1	1	0	86	1317	448	661	218	182	73	14	3
1981	2	1	1	0	138	1415	1173	433	512	231	94	21	0
1982	2	1	1	0	160	1210	1401	1316	275	466	132	71	15
1983	2	1	1	0	135	723	701	702	566	142	173	34	29
1984	2	1	1	0	888	1231	425	286	316	191	35	33	8
1985	2	1	1	0	753	1695	446	114	83	99	53	4	7
1986	2	1	1	0	157	2094	1233	344	130	93	73	24	3
1987	2	1	1	0	760	803	1624	1011	346	120	65	51	18
1988	2	1	1	0	191	4548	571	1100	736	209	55	33	16
1989	2	1	1	0	146	903	3482	376	495	259	39	10	2
1990	2	1	1	0	33	1856	849	3233	307	406	125	16	6
1991	2	1	1	0	482	1565	1543	780	2420	220	251	48	2
1992	2	1	1	0	97	2860	630	803	360	1017	126	73	13
1993	2	1	1	0	214	1528	2255	380	416	226	423	51	31
1994	2	1	1	0	182	1361	1449	1862	491	311	330	97	15
1995	2	1	1	0	40	646	1200	1023	1277	334	220	155	35
1996	2	1	1	0	1122	1537	907	1412	928	955	203	84	60
1997	2	1	1	0	144	4068	478	268	395	293	197	32	20
1998	2	1	1	0	119	1149	3155	336	149	172	98	59	16
1999	2	1	1	0	70	961	1044	1641	325	112	63	31	16
2000	2	1	1	0	278	1110	929	849	1286	177	60	30	10
2001	2	1	1	0	165	1074	475	197	178	222	31	5	5
2002	2	1	1	0	368	2662	1136	371	140	157	131	15	1
2003	2	1	1	0	96	2191	2042	705	135	62	42	33	4
2004	2	1	1	0	391	1316	2450	1004	286	64	21	11	1
2005	2	1	1	0	157	1655	939	680	237	71	12	2	3
2006	2	1	1	0	174	430	387	91	62	9	1	0	0
2007	2	1	1	0	7	303	211	66	11	4	0	0	0
2008	2	1	1	0	54	255	559	119	32	8	6	1	1
2009	2	1	1	0	44	1204	284	230	41	10	0	0	0
2010	2	1	1	0	356	597	859	105	91	14	2	0	0
2011	2	1	1	0	62	806	270	123	12	6	0	0	0
2012	2	1	1	0	19	168	561	93	53	6	3	0	0
2013	2	1	1	0	15	106	66	209	22	20	2	0	0
2014	2	1	1	0	8	209	41	8	9	2	0	1	0
2015	2	1	1	0	217	368	781	105	27	43	6	0	1
2016	2	1	1	0	46	754	195	144	16	3	5	1	0
2017	2	1	1	0	27	81	703	140	87	17	2	2	0
2018	2	1	1	0	73	182	149	775	132	48	7	3	0
2019	2	1	1	0	63	575	111	56	265	46	21	3	0
2020	2	1	1	0	177	270	340	46	24	98	22	4	0
1973	3	1	1	0	0	49	143	323	84	18	6	1	0
1974	3	1	1	0	0	46	54	46	24	6	0	0	0
1975	3	1	1	0	0	8	82	102	57	19	1	0	0
1976	3	1	1	0	0	9	529	445	206	87	33	4	1
1977	3	1	1	0	2	12	59	153	63	44	19	5	1
1978	3	1	1	0	0	7	27	125	284	116	40	4	2
1979	3	1	1	0	0	7	148	152	143	108	11	2	0
1980	3	1	1	0	0	0	24	213	102	65	44	3	1
1981	3	1	1	0	0	5	59	42	102	53	20	0	0
1982	3	1	1	0	0	5	103	374	101	234	35	10	1
1983	3	1	1	0	0	2	81	136	256	37	56	2	1
1984	3	1	1	0	0	10	40	107	194	190	32	20	2
1987	3	1	1	0	0	10	135	340	30	12	16	5	2
1988	3	1	1	0	0	27	35	204	147	64	15	6	2
1989	3	1	1	0	0	1	208	42	85	36	6	4	0
1990	3	1	1	0	0	6	35	307	37	46	11	3	0
1991	3	1	1	0	0	1	25	41	223	28	28	2	1
1992	3	1	1	0	0	35	75	171	77	166	16	14	2
1994	3	1	1	0	1	35	199	340	33	7	4	1	0
1998	3	1	1	0	0	5	344	99	87	181	111	51	21
1999	3	1	1	0	0	8	106	527	159	44	31	12	1
2000	3	1	1	0	0	8	47	169	330	39	16	14	2
2002	3	1	1	0	0	0	55	154	82	110	120	12	2
2003	3	1	1	0	0	15	99	203	142	77	103	57	4
2004	3	1	1	0	0	5	179	154	158	92	24	14	5
2005	3	1	1	0	0	4	54	294	143	61	22	1	2
#
##### Weight-at-age (kg) #####
1	# Number of weight-at-age tables
70	# Number of years
# Year	Gear	Area	Group	Sex	2	3	4	5	6	7	8	9	10
1951	1	1	1	0	0.0503	0.0873	0.1144	0.1339	0.1489	0.16	0.205	0.196	0.1488
1952	1	1	1	0	0.0536	0.0896	0.1144	0.1385	0.1567	0.1699	0.1781	0.19	0.1488
1953	1	1	1	0	0.0427	0.0799	0.1001	0.121	0.1473	0.1455	0.1915	0.193	0.1488
1954	1	1	1	0	0.0542	0.0854	0.1056	0.1258	0.1474	0.1658	0.155	0.193	0.1488
1955	1	1	1	0	0.0578	0.0831	0.1077	0.1249	0.1514	0.131	0.1824	0.193	0.1488
1956	1	1	1	0	0.0577	0.086	0.1064	0.1192	0.1389	0.144	0.1824	0.14	0.1488
1957	1	1	1	0	0.0532	0.0848	0.1068	0.1259	0.1483	0.1512	0.1779	0.1818	0.1488
1958	1	1	1	0	0.0507	0.069	0.0966	0.1077	0.1248	0.1281	0.1383	0.169	0.1488
1959	1	1	1	0	0.0512	0.0807	0.0969	0.113	0.1243	0.1332	0.1371	0.1499	0.1488
1960	1	1	1	0	0.0594	0.0897	0.106	0.121	0.1336	0.1446	0.1604	0.1745	0.1645
1961	1	1	1	0	0.0585	0.0904	0.1168	0.141	0.173	0.1402	0.1592	0.163	0.1566
1962	1	1	1	0	0.0567	0.0921	0.1074	0.1252	0.1282	0.1395	0.1546	0.1676	0.1566
1963	1	1	1	0	0.0563	0.0898	0.1125	0.123	0.1366	0.1448	0.1499	0.1648	0.1566
1964	1	1	1	0	0.0613	0.0927	0.1137	0.1353	0.1449	0.13	0.1522	0.164	0.1566
1965	1	1	1	0	0.0687	0.1067	0.1289	0.1467	0.1713	0.1587	0.1553	0.1668	0.1582
1966	1	1	1	0	0.042	0.1111	0.1334	0.1489	0.1624	0.1793	0.1543	0.1653	0.1569
1967	1	1	1	0	0.057	0.0985	0.1192	0.1358	0.1487	0.1504	0.1533	0.1657	0.157
1968	1	1	1	0	0.057	0.0998	0.1215	0.138	0.1528	0.1526	0.153	0.1653	0.1571
1969	1	1	1	0	0.0572	0.1018	0.1233	0.1409	0.156	0.1542	0.1536	0.1654	0.1572
1970	1	1	1	0	0.0564	0.1036	0.1253	0.1421	0.1582	0.1591	0.1539	0.1657	0.1573
1971	1	1	1	0	0.053900000000000003	0.1029	0.1245	0.1411	0.1556	0.1591	0.1536	0.1655	0.1571
1972	1	1	1	0	0.0641	0.1034	0.1384	0.1596	0.1734	0.1807	0.2022	0.16	0.1571
1973	1	1	1	0	0.0633	0.1035	0.1347	0.1598	0.1836	0.1924	0.1903	0.254	0.1571
1974	1	1	1	0	0.0617	0.0854	0.1235	0.149	0.1718	0.1856	0.1836	0.2175	0.231
1975	1	1	1	0	0.0547	0.0919	0.128	0.1653	0.1893	0.2069	0.2201	0.2406	0.207
1976	1	1	1	0	0.0536	0.0873	0.1202	0.1518	0.1811	0.1951	0.2112	0.2223	0.1819
1977	1	1	1	0	0.0628	0.0884	0.1253	0.1435	0.1693	0.1826	0.1918	0.1953	0.2153
1978	1	1	1	0	0.0603	0.0798	0.1082	0.134	0.154	0.1737	0.1884	0.2038	0.2279
1979	1	1	1	0	0.0621	0.0832	0.1103	0.1407	0.1664	0.1838	0.2003	0.2014	0.1922
1980	1	1	1	0	0.0591	0.0813	0.1072	0.1307	0.1597	0.1785	0.1923	0.2083	0.2087
1981	1	1	1	0	0.061	0.0901	0.1099	0.1367	0.1509	0.1755	0.1803	0.1859	0.2052
1982	1	1	1	0	0.071	0.0894	0.1098	0.1256	0.1423	0.1504	0.1714	0.1799	0.1861
1983	1	1	1	0	0.0611	0.0938	0.119	0.1405	0.1553	0.166	0.1738	0.1954	0.1924
1984	1	1	1	0	0.0684	0.1003	0.1298	0.15310000000000001	0.1655	0.1751	0.1849	0.1891	0.2031
1985	1	1	1	0	0.069	0.1014	0.1352	0.1607	0.1819	0.1863	0.2071	0.1848	0.2037
1986	1	1	1	0	0.0683	0.1028	0.1311	0.1601	0.1809	0.1919	0.1984	0.2045	0.2217
1987	1	1	1	0	0.0688	0.1022	0.1367	0.1633	0.181	0.2	0.203	0.205	0.2101
1988	1	1	1	0	0.0679	0.1033	0.1302	0.1597	0.1775	0.1952	0.2019	0.2062	0.2144
1989	1	1	1	0	0.0644	0.0968	0.127	0.1488	0.1707	0.1875	0.1933	0.1966	0.212
1990	1	1	1	0	0.062	0.1008	0.1295	0.1542	0.1721	0.1881	0.1993	0.2148	0.1967
1991	1	1	1	0	0.0662	0.0942	0.1235	0.1412	0.1608	0.1773	0.1858	0.1978	0.2065
1992	1	1	1	0	0.0686	0.1007	0.1256	0.1493	0.1638	0.1773	0.1875	0.1973	0.2051
1993	1	1	1	0	0.0685	0.0973	0.1217	0.1406	0.1593	0.1694	0.1784	0.1873	0.1977
1994	1	1	1	0	0.0648	0.0947	0.1194	0.1359	0.1498	0.1605	0.1642	0.1748	0.1779
1995	1	1	1	0	0.0699	0.0979	0.1221	0.1438	0.1602	0.1753	0.1822	0.189	0.1863
1996	1	1	1	0	0.07	0.0858	0.1159	0.136	0.1513	0.1643	0.1759	0.1809	0.1899
1997	1	1	1	0	0.0642	0.0914	0.1052	0.1315	0.1494	0.1609	0.1759	0.1729	0.1793
1998	1	1	1	0	0.0586	0.0798	0.1039	0.1132	0.1322	0.1428	0.1499	0.1558	0.1551
1999	1	1	1	0	0.0538	0.0832	0.0991	0.1195	0.1257	0.144	0.1521	0.1634	0.1568
2000	1	1	1	0	0.0576	0.0864	0.1073	0.1302	0.1468	0.1592	0.1621	0.1707	0.1785
2001	1	1	1	0	0.0659	0.0885	0.1074	0.1242	0.1408	0.1564	0.1563	0.1478	0.1858
2002	1	1	1	0	0.0618	0.0839	0.1032	0.1249	0.144	0.1566	0.1704	0.1868	0.218
2003	1	1	1	0	0.0609	0.0934	0.1031	0.1207	0.1387	0.1544	0.1763	0.167	0.192
2004	1	1	1	0	0.0635	0.0815	0.1027	0.11	0.1242	0.134	0.1557	0.1657	0.127
2005	1	1	1	0	0.0559	0.0755	0.0913	0.1122	0.1204	0.1332	0.1375	0.1525	0.137
2006	1	1	1	0	0.0548	0.0693	0.0877	0.102	0.1169	0.1103	0.128	0.164	0.172
2007	1	1	1	0	0.0546	0.0727	0.0805	0.0924	0.0981	0.1312	0.1536	0.1672	0.1692
2008	1	1	1	0	0.0565	0.0603	0.0877	0.1034	0.1156	0.1315	0.145	0.139	0.162
2009	1	1	1	0	0.0461	0.0753	0.0777	0.1038	0.1101	0.1138	0.1439	0.1577	0.1534
2010	1	1	1	0	0.044	0.071	0.0854	0.0923	0.1065	0.117	0.1095	0.1561	0.1587
2011	1	1	1	0	0.0457	0.0658	0.0721	0.0963	0.0987	0.1123	0.136	0.1568	0.1631
2012	1	1	1	0	0.0518	0.0784	0.0875	0.0989	0.1102	0.1167	0.1223	0.1553	0.1613
2013	1	1	1	0	0.0564	0.0789	0.0939	0.105	0.1207	0.1224	0.134	0.153	0.1597
2014	1	1	1	0	0.0588	0.0807	0.0956	0.1245	0.1401	0.15	0.1292	0.164	0.1592
2015	1	1	1	0	0.0598	0.0754	0.0864	0.0977	0.1022	0.1086	0.10780000000000001	0.157	0.13
2016	1	1	1	0	0.0633	0.077	0.0824	0.092	0.0945	0.1213	0.1354	0.146	0.1547
2017	1	1	1	0	0.0654	0.081	0.0946	0.102	0.1099	0.1189	0.1365	0.121	0.153
2018	1	1	1	0	0.063	0.0869	0.1028	0.116	0.1198	0.1286	0.1337	0.1437	0.1513
2019	1	1	1	0	0.0615	0.0812	0.0973	0.1154	0.1314	0.135	0.1399	0.141	0.1496
2020	1	1	1	0	0.0588	0.0768	0.1033	0.1146	0.1358	0.1398	0.1425	0.1407	0.1477
#
##### Annual mean weight (not used) #####
1 	# Number of annual mean weight tables
0 	# Number of observations per table
#
##### Marker for end of data file #####
999 	# End of file
