# Number of parameters = 189 Objective function value = -759.186  Maximum gradient component = 0.000835214
# theta[1]:
 6.30887
# theta[2]:
 0.739322
# theta[3]:
 -0.540106
# theta[4]:
 5.91423
# theta[5]:
 5.56670
# theta[6]:
 0.296427
# theta[7]:
 1.40840
# sel_par[1]:
 0.967443 -1.48384
# sel_par[2]:
 1.09653 -1.13573
# sel_par[3]:
 1.56848 -0.765897
# sel_par[4]:
 0.720276 -2.99573
# sel_par[5]:
 0.720276 -2.99573
# log_ft_pars:
 -0.626518 0.122035 -6.98071 0.183097 -1.31922 -0.522216 -2.75983 -4.52276 0.315552 0.696714 0.393953 -0.294731 -0.447314 -0.472621 -0.390263 0.0462982 0.436798 -11.6003 -7.81860 -3.01099 -6.31738 -27.6877 -10.1467 -9.93021 -10.8977 -11.1754 -10.6389 -9.10940 -10.4342 -2.02165 -1.29344 -1.68657 -1.63620 -1.32370 -1.33149 -2.26004 -1.40776 -3.17665 -2.18339 -2.74448 -1.57690 -1.58808 -5.43873 -5.62895 -1.38820 -1.98988 -1.76747 -1.73161 -1.65720 -2.47406 -1.97456 -1.93458 -2.83544 -3.63000 -1.82011 -1.94069 -2.07364 -3.15401 -3.87089 -2.03773 -1.13816 -0.618884 -2.61844 -1.82808 -1.36747 -0.744272 -0.931211 -0.460056 -0.836971 -2.07361 -1.79835 -1.70240 -1.85099 -2.58363 -1.99903 -2.54183 -1.63869 -2.41756 -2.03993 -3.21398 -3.13031 -1.95066 -2.51923 -2.76561 -2.85601 -1.77285 -1.87099 -0.813976
# init_log_rec_devs:
 0.558108 1.36336 -0.717129 -0.476590 -0.303019 -0.172234 -0.104465 -0.148027
# log_rec_devs:
 0.188006 0.112439 0.748376 -0.0220514 0.307302 0.501890 0.332833 0.926508 0.609764 0.164043 0.857196 0.0901684 0.749975 -0.204498 -1.04839 0.253258 -0.0677967 -1.04018 0.0907998 0.596752 0.405071 0.403141 0.605666 0.919822 0.0768670 -0.272251 0.271126 -0.747154 0.234213 -0.0129348 -0.391091 -0.456622 0.163682 0.947975 1.06628 -0.0393267 1.41242 -0.276650 -0.188238 -0.664507 0.321887 -0.0801882 -0.265597 -0.884052 -0.452046 1.09666 0.137243 -0.417509 -0.282463 0.116950 0.401745 0.371699 -0.445334 -0.329243 -0.696295 -0.180830 -0.949690 -0.291708 -0.850755 0.106031 -1.28251 -1.15343 -0.255054 -0.495520 0.719937 -0.922116 -0.709998 0.0683134
# log_m_nodes:
 -0.0454780 -0.0719818 0.167473 -0.162744 -0.00153872 0.134850 -0.0926869 0.0599984 0.0616301 0.0184207 -0.0935902 0.0141311
# log_age_tau2[1]:
0.325000000000
# log_age_tau2[2]:
0.325000000000
# log_age_tau2[3]:
0.325000000000
# phi1[1]:
0.0100000000000
# phi1[2]:
0.0100000000000
# phi1[3]:
0.0100000000000
# phi2[1]:
0.500000000000
# phi2[2]:
0.500000000000
# phi2[3]:
0.500000000000
# log_degrees_of_freedom[1]:
5.35000000000
# log_degrees_of_freedom[2]:
5.35000000000
# log_degrees_of_freedom[3]:
5.35000000000
# gamma_r:
0.00000000000
