# Number of parameters = 229 Objective function value = -837.749  Maximum gradient component = 0.000904709
# theta[1]:
 5.73155
# theta[2]:
 0.722061
# theta[3]:
 -0.847883
# theta[4]:
 5.30388
# theta[5]:
 5.52537
# theta[6]:
 0.279464
# theta[7]:
 1.27663
# sel_par[1]:
 1.60229 0.0956333
# sel_par[2]:
 1.21041 -0.817804
# sel_par[3]:
 1.73896 -0.618099
# sel_par[4]:
 0.720276 -2.99573
# sel_par[5]:
 0.720276 -2.99573
# log_ft_pars:
 0.673637 1.21257 -1.89910 0.799402 0.562183 -0.0325449 1.25170 -0.614701 -0.354991 -0.157799 0.443011 -0.244736 0.0440173 -0.100964 0.450733 -0.0293694 -0.150768 -1.03336 -1.41686 -0.414057 -1.91642 -3.35799 -3.80565 -4.04997 -3.11393 -2.64805 -0.772993 -1.21589 -2.17532 -1.56317 -1.76892 -4.60874 -4.31647 -4.12413 -5.16064 -5.46315 -5.43882 -5.93541 -6.70891 -4.69912 -7.51776 -9.48738 -9.38428 -7.78513 -6.91653 -4.05117 -3.13523 -3.41759 -1.13316 -2.08359 -1.99968 -2.44603 -1.87777 -1.11369 -1.81079 -2.03534 -1.93927 -2.76472 -4.76681 -2.88003 -2.47658 -2.35960 -2.79307 -2.20366 -2.07942 -2.46691 -2.92320 -3.13954 -2.54757 -2.24093 -3.31533 -4.54365 -2.78101 -2.99187 -2.26403 -2.71152 -2.42631 -2.22887 -2.62654 -3.42764 -3.08070 -3.45474 -2.91568 -3.53716 -3.10891 -3.11530 -3.09752 -3.21857 -6.46831 -0.825037 -5.91010 -3.27635 -1.64391 -0.541266 -0.974091 -1.03525 -2.18709 -1.69244 -1.08595 -1.04325 -1.19223 -0.946865 -0.646269 -1.39733 -1.48132 -0.804359 -0.584525 -1.26755 -1.97633 -1.09699 -0.111601 -0.502228 -1.44226 -0.963019 -1.42511 -0.952209 -0.819141 -0.908222 -0.960360 -1.18288 -1.51449 -1.33957 -1.31362 -1.67772 -1.44086 -1.62354 -1.45440 -1.60890 -1.71001 -1.24727
# init_log_rec_devs:
 1.27491 1.75073 0.584490 0.195239 -1.11577 -0.926198 -0.734319 -1.02908
# log_rec_devs:
 0.605904 0.280213 0.922403 -0.452995 0.319080 -0.284992 0.200598 0.927811 -0.218013 1.69020 1.13423 0.443157 1.64573 0.212744 -0.516266 -0.905720 -0.314901 -0.722316 -0.0977581 -0.0145784 -0.922791 0.0472150 0.0687093 -0.316840 -1.05945 -0.698610 -1.32026 -1.36921 0.277247 -0.471709 -0.433325 -0.0593478 0.908518 -0.0726507 -0.279450 0.719769 0.493913 0.103927 -0.594567 0.805262 0.602017 -0.281076 -1.09017 -0.558954 0.628439 -0.128625 0.301741 -0.827020 -0.0267360 0.427701 -0.0386132 1.00170 -0.778733 -0.187838 -0.329275 0.645414 -0.303974 -0.311624 0.192086 0.361621 -0.280448 0.233907 -0.960007 0.763843 0.482421 -0.218672
# log_m_nodes:
 -0.264726 -0.0500097 0.262952 -0.0574660 -0.0874400 0.0296022 0.0536293 -0.0419589 0.0523139 0.00795306 -0.00528810 0.0393096
# log_age_tau2[1]:
0.325000000000
# log_age_tau2[2]:
0.325000000000
# log_age_tau2[3]:
0.325000000000
# phi1[1]:
0.0100000000000
# phi1[2]:
0.0100000000000
# phi1[3]:
0.0100000000000
# phi2[1]:
0.500000000000
# phi2[2]:
0.500000000000
# phi2[3]:
0.500000000000
# log_degrees_of_freedom[1]:
5.35000000000
# log_degrees_of_freedom[2]:
5.35000000000
# log_degrees_of_freedom[3]:
5.35000000000
# gamma_r:
0.00000000000
