# Number of parameters = 187 Objective function value = -669.594  Maximum gradient component = 0.000333307
# theta[1]:
 6.04216
# theta[2]:
 0.767374
# theta[3]:
 -0.617242
# theta[4]:
 5.64732
# theta[5]:
 5.30744
# theta[6]:
 0.298337
# theta[7]:
 1.42225
# sel_par[1]:
 0.955496 -1.50111
# sel_par[2]:
 0.717611 -4.00813
# sel_par[3]:
 1.53999 -0.776513
# sel_par[4]:
 0.720276 -2.99573
# sel_par[5]:
 0.720276 -2.99573
# log_ft_pars:
 -0.539889 0.260383 -6.82785 0.346441 -1.11531 -0.329477 -2.59208 -4.43215 0.363323 0.741940 0.482443 -0.152957 -0.277779 -0.304958 -0.225132 0.219311 0.557359 -11.4224 -7.62149 -2.76347 -6.03276 -27.3839 -9.85921 -9.66027 -10.5579 -10.8615 -10.6458 -9.11549 -10.4115 -2.11935 -1.37566 -1.74896 -1.70359 -1.27942 -1.25806 -2.21960 -1.23678 -3.09737 -2.07689 -2.61385 -1.46801 -1.57059 -5.46474 -5.62059 -1.27387 -2.14214 -1.71290 -1.77797 -1.75325 -2.74197 -2.16783 -2.10614 -2.95263 -3.77055 -2.12995 -2.02277 -2.14475 -3.30063 -4.15174 -2.35850 -1.41367 -1.05089 -2.62294 -1.81336 -1.34074 -0.699290 -0.849898 -0.340768 -0.678675 -1.90727 -1.66149 -1.58162 -1.72011 -2.45601 -1.91931 -2.48437 -1.64075 -2.44388 -2.10463 -3.34008 -3.28297 -2.06054 -2.60038 -2.86415 -3.07538 -2.03177 -2.17043 -1.21397
# init_log_rec_devs:
 0.674569 1.44374 -0.734107 -0.508276 -0.339185 -0.208282 -0.132747 -0.195707
# log_rec_devs:
 0.287477 0.111337 0.771207 -0.0763527 0.259546 0.441027 0.337660 1.02004 0.746038 0.276536 0.896528 0.0912018 0.727117 -0.243773 -1.10176 0.299611 -0.216680 -1.12004 0.0380073 0.584269 0.419962 0.464672 0.612692 0.886409 0.0777468 -0.317599 0.0587260 -0.912610 -0.0809683 -0.294164 -0.676763 -0.653735 -0.0264597 0.640695 0.765341 -0.185370 1.20288 -0.374886 -0.226631 -0.632090 0.360315 0.0423023 -0.129037 -0.746618 -0.371907 1.15669 0.213863 -0.362252 -0.301507 0.0736584 0.361548 0.404811 -0.325964 -0.164839 -0.542008 -0.0639453 -0.919308 -0.323089 -0.854688 0.0881674 -1.24159 -1.06673 -0.104963 -0.582560 0.588472 -0.0656598
# log_m_nodes:
 -0.104507 -0.0749368 0.174556 -0.109816 -0.116668 0.216398 -0.106063 0.0737621 0.0415367 0.0657316 -0.111498 0.0468198
# log_age_tau2[1]:
0.325000000000
# log_age_tau2[2]:
0.325000000000
# log_age_tau2[3]:
0.325000000000
# phi1[1]:
0.0100000000000
# phi1[2]:
0.0100000000000
# phi1[3]:
0.0100000000000
# phi2[1]:
0.500000000000
# phi2[2]:
0.500000000000
# phi2[3]:
0.500000000000
# log_degrees_of_freedom[1]:
5.35000000000
# log_degrees_of_freedom[2]:
5.35000000000
# log_degrees_of_freedom[3]:
5.35000000000
# gamma_r:
0.00000000000
