# Number of parameters = 191 Objective function value = -849.105  Maximum gradient component = 0.000155864
# theta[1]:
 5.92402
# theta[2]:
 0.820585
# theta[3]:
 -0.795802
# theta[4]:
 5.54035
# theta[5]:
 5.58577
# theta[6]:
 0.195872
# theta[7]:
 1.30747
# sel_par[1]:
 1.04606 -0.879163
# sel_par[2]:
 1.17790 -0.915607
# sel_par[3]:
 1.62083 -0.758868
# sel_par[4]:
 0.720276 -2.99573
# sel_par[5]:
 0.720276 -2.99573
# log_ft_pars:
 -0.408763 -0.0640891 -3.63536 -0.404657 -1.28509 0.446321 0.456792 -0.588788 0.107260 -1.74770 0.0768961 -0.870639 0.194568 0.349200 0.0243295 1.56926 0.503886 -1.89108 -4.46870 -1.87893 -4.26661 -6.85376 -4.55675 -8.63808 -8.64393 -9.43109 -7.51880 -9.89338 -6.78565 -7.43618 -6.10650 -0.927936 -1.40185 -2.07391 -2.27652 -1.61870 -1.97042 -1.43829 -5.51915 -3.42257 -3.28377 -2.31336 -2.37125 -2.61068 -2.36683 -2.34463 -1.84779 -1.83907 -1.30766 -1.45598 -1.49225 -1.20387 -1.08192 -1.63218 -1.96646 -1.35891 -1.71146 -1.53682 -1.42188 -1.81265 -2.14593 -1.83539 -1.37768 -1.23064 -2.95349 -3.87292 -2.02932 -0.513784 -0.731784 -0.717191 -0.698791 -0.0975263 -3.04691 -1.92409 -1.95595 -2.21543 -1.90637 -2.08655 -2.44804 -2.67585 -2.62632 -1.51202 -1.74699 -2.25314 -2.41845 -1.73733 -1.97249 -2.31904 -3.44389 -3.43403 -2.74396 -2.12153 -2.81937 -3.30678 -3.24825 -3.36546
# init_log_rec_devs:
 1.07866 1.51637 0.369917 -0.863781 -0.670501 -0.508752 -0.375764 -0.546142
# log_rec_devs:
 0.00557350 0.0304381 1.41406 -0.319217 -0.164179 0.344028 0.401681 0.775898 -0.524867 0.468305 0.921521 0.692036 0.616875 0.0446278 -0.649959 1.71239 -0.756835 -0.540762 0.398017 0.315151 0.233135 0.326937 0.0953567 0.132932 -0.571882 -0.802560 -0.534965 -0.694704 1.57686 0.472066 0.448874 -0.365157 -0.511322 0.482951 -0.260806 0.0613655 1.27874 -0.805662 -1.30891 -0.321168 0.906949 -0.657372 -0.464291 -1.72093 -0.734271 0.540242 0.538179 -0.771896 -0.216985 -1.00342 -0.222564 0.607305 -0.332538 0.543225 -0.467202 0.0458153 -0.722461 0.869693 -0.407613 0.395270 -0.760725 -0.0812721
# log_m_nodes:
 -0.147340 -0.0931753 0.205422 0.00230417 -0.151455 0.142982 -0.0248514 -0.0919757 0.0265574 0.131486 0.0668528 -0.127909
# log_age_tau2[1]:
0.325000000000
# log_age_tau2[2]:
0.325000000000
# log_age_tau2[3]:
0.325000000000
# phi1[1]:
0.0100000000000
# phi1[2]:
0.0100000000000
# phi1[3]:
0.0100000000000
# phi2[1]:
0.500000000000
# phi2[2]:
0.500000000000
# phi2[3]:
0.500000000000
# log_degrees_of_freedom[1]:
5.35000000000
# log_degrees_of_freedom[2]:
5.35000000000
# log_degrees_of_freedom[3]:
5.35000000000
# gamma_r:
0.00000000000
