# Number of parameters = 233 Objective function value = -862.006  Maximum gradient component = 0.000190768
# theta[1]:
 5.71008
# theta[2]:
 0.720069
# theta[3]:
 -0.858113
# theta[4]:
 5.28437
# theta[5]:
 5.50221
# theta[6]:
 0.284926
# theta[7]:
 1.28656
# sel_par[1]:
 1.61113 0.115530
# sel_par[2]:
 1.21706 -0.792938
# sel_par[3]:
 1.73930 -0.621217
# sel_par[4]:
 0.720276 -2.99573
# sel_par[5]:
 0.720276 -2.99573
# log_ft_pars:
 0.691298 1.23367 -1.87940 0.816518 0.580549 -0.0143883 1.27078 -0.594617 -0.334813 -0.137047 0.464024 -0.221819 0.0664124 -0.0826437 0.465902 -0.0166614 -0.145100 -1.03048 -1.40080 -0.388264 -1.88198 -3.32068 -3.76929 -4.01494 -3.08464 -2.62344 -0.749586 -1.19496 -2.15663 -1.54341 -1.74777 -4.58792 -4.29071 -4.09528 -5.13316 -5.43830 -5.41670 -5.92081 -6.70248 -4.69643 -7.51337 -9.48006 -9.37394 -7.77561 -6.90628 -4.03764 -3.15327 -3.48759 -3.23269 -1.10156 -2.04947 -1.96405 -2.41672 -1.85698 -1.09730 -1.79272 -2.01982 -1.92000 -2.74512 -4.75260 -2.86085 -2.45348 -2.33893 -2.77086 -2.18134 -2.06283 -2.45931 -2.92092 -3.13826 -2.54880 -2.24354 -3.31568 -4.52745 -2.76895 -2.98004 -2.25611 -2.70411 -2.41969 -2.22609 -2.62109 -3.40719 -3.05408 -3.41411 -2.86329 -3.48991 -3.06912 -3.09729 -3.14273 -3.30405 -2.96469 -6.44345 -0.795696 -5.88367 -3.25878 -1.63189 -0.529297 -0.959705 -1.02200 -2.17455 -1.68204 -1.07150 -1.02564 -1.17588 -0.932202 -0.633699 -1.39140 -1.48217 -0.808668 -0.589815 -1.27245 -1.97793 -1.09422 -0.103265 -0.488857 -1.43041 -0.953326 -1.41848 -0.947565 -0.816789 -0.907731 -0.959166 -1.18033 -1.50666 -1.32445 -1.29028 -1.64618 -1.39719 -1.56851 -1.40238 -1.58419 -1.73272 -1.34739 -1.40853
# init_log_rec_devs:
 1.28591 1.75686 0.594166 0.201705 -1.11929 -0.932344 -0.742035 -1.04497
# log_rec_devs:
 0.611702 0.282482 0.924088 -0.449491 0.321994 -0.278418 0.207704 0.929545 -0.214276 1.69071 1.13114 0.438853 1.63990 0.211680 -0.515994 -0.900056 -0.302062 -0.707434 -0.0828315 -0.00850787 -0.927031 0.0357405 0.0572886 -0.328074 -1.07501 -0.708806 -1.32378 -1.36494 0.280833 -0.461520 -0.419950 -0.0490662 0.916733 -0.0682249 -0.284177 0.716345 0.489588 0.104735 -0.586125 0.826121 0.628998 -0.245290 -1.05449 -0.523129 0.652863 -0.110788 0.315108 -0.818072 -0.0186499 0.440607 -0.0249626 1.02135 -0.754886 -0.162248 -0.303095 0.670498 -0.291131 -0.306046 0.164590 0.367357 -0.237750 0.171854 -0.865754 0.884728 0.0455278 -0.228545 -0.180053
# log_m_nodes:
 -0.273824 -0.0425473 0.265829 -0.0699752 -0.0835292 0.0428720 0.0405654 -0.0334186 0.0533119 0.00287425 -0.0113563 -0.0139943
# log_age_tau2[1]:
0.325000000000
# log_age_tau2[2]:
0.325000000000
# log_age_tau2[3]:
0.325000000000
# phi1[1]:
0.0100000000000
# phi1[2]:
0.0100000000000
# phi1[3]:
0.0100000000000
# phi2[1]:
0.500000000000
# phi2[2]:
0.500000000000
# phi2[3]:
0.500000000000
# log_degrees_of_freedom[1]:
5.35000000000
# log_degrees_of_freedom[2]:
5.35000000000
# log_degrees_of_freedom[3]:
5.35000000000
# gamma_r:
0.00000000000
