# Number of parameters = 199 Objective function value = -926.504  Maximum gradient component = 5.92220e-005
# theta[1]:
 5.90228
# theta[2]:
 0.825125
# theta[3]:
 -0.807049
# theta[4]:
 5.52380
# theta[5]:
 5.55302
# theta[6]:
 0.206262
# theta[7]:
 1.32941
# sel_par[1]:
 1.04588 -0.878206
# sel_par[2]:
 1.17081 -0.935351
# sel_par[3]:
 1.62811 -0.732269
# sel_par[4]:
 0.720276 -2.99573
# sel_par[5]:
 0.720276 -2.99573
# log_ft_pars:
 -0.398022 -0.0493583 -3.61970 -0.391668 -1.27413 0.456684 0.474140 -0.570207 0.126539 -1.73233 0.0855544 -0.868588 0.187859 0.337026 0.0281462 1.54683 0.499560 -1.85179 -4.41079 -1.83851 -4.24908 -6.86163 -4.56442 -8.61570 -8.61492 -9.40400 -7.50012 -9.89220 -6.77970 -7.42923 -6.12393 -0.924008 -1.42155 -2.11100 -2.31652 -1.65072 -1.98492 -1.43464 -5.50423 -3.41131 -3.28129 -2.31735 -2.37910 -2.61362 -2.36352 -2.35045 -1.85603 -1.85013 -1.32821 -1.48860 -1.52281 -1.23321 -1.10953 -1.65596 -1.99048 -1.37078 -1.70621 -1.52459 -1.40902 -1.80858 -2.16198 -1.85838 -1.40577 -1.25149 -2.96289 -3.35840 -4.73304 -3.85930 -2.03653 -0.531210 -0.748966 -0.729399 -0.697414 -0.0731718 -3.00006 -1.88443 -1.91367 -2.19598 -1.90120 -2.08664 -2.44171 -2.65395 -2.60448 -1.49280 -1.72943 -2.26110 -2.44586 -1.75793 -1.97440 -2.32674 -3.44998 -3.43438 -2.73292 -2.09127 -2.78196 -3.27702 -3.22774 -3.35966 -1.90522
# init_log_rec_devs:
 1.09455 1.52937 0.377586 -0.868111 -0.676331 -0.515219 -0.382291 -0.559558
# log_rec_devs:
 0.00462585 0.0269872 1.41238 -0.319239 -0.163801 0.342824 0.393354 0.761448 -0.540715 0.456699 0.916444 0.700028 0.644425 0.0864295 -0.623253 1.79108 -0.698811 -0.536962 0.331683 0.227966 0.150738 0.299592 0.0943305 0.170264 -0.537598 -0.752178 -0.482948 -0.662694 1.57542 0.446355 0.413645 -0.395247 -0.542792 0.484873 -0.254722 0.0690757 1.29348 -0.807899 -1.31569 -0.317380 0.921689 -0.629142 -0.407158 -1.67107 -0.668635 0.598341 0.563694 -0.736274 -0.209388 -1.01784 -0.218426 0.609565 -0.323352 0.569071 -0.432979 0.0797690 -0.710569 0.803823 -0.312896 0.358262 -0.801360 0.328272 -0.616684 0.654742 -0.772070 -0.00242506 -0.0991756
# log_m_nodes:
 -0.149205 -0.0865602 0.254685 -0.128692 -0.0226482 0.109494 -0.105070 -0.0110746 0.0849401 0.121545 -0.151379 -0.0306459
# log_age_tau2[1]:
0.325000000000
# log_age_tau2[2]:
0.325000000000
# log_age_tau2[3]:
0.325000000000
# phi1[1]:
0.0100000000000
# phi1[2]:
0.0100000000000
# phi1[3]:
0.0100000000000
# phi2[1]:
0.500000000000
# phi2[2]:
0.500000000000
# phi2[3]:
0.500000000000
# log_degrees_of_freedom[1]:
5.35000000000
# log_degrees_of_freedom[2]:
5.35000000000
# log_degrees_of_freedom[3]:
5.35000000000
# gamma_r:
0.00000000000
