# Number of parameters = 178 Objective function value = -478.986  Maximum gradient component = 0.000528231
# theta[1]:
 5.65810
# theta[2]:
 0.805935
# theta[3]:
 -0.975328
# theta[4]:
 5.22219
# theta[5]:
 3.50867
# theta[6]:
 0.261451
# theta[7]:
 1.02136
# sel_par[1]:
 1.30955 -0.332164
# sel_par[2]:
 1.40320 -0.424003
# sel_par[3]:
 1.66983 -0.670388
# sel_par[4]:
 0.720276 -2.99573
# sel_par[5]:
 0.720276 -2.99573
# log_ft_pars:
 -0.935157 0.422303 -2.62839 -4.50792 0.862540 1.19486 1.21743 0.327197 -3.34953 -1.23286 -0.636624 0.668087 2.39034 0.178425 -2.61329 -3.71685 -4.26593 -2.74913 -7.39174 -4.35036 -7.03549 -5.85612 -6.84604 -7.77572 -6.40553 -5.81470 -6.60483 -6.61226 -6.63984 -6.48463 -7.99362 -9.67295 -1.16219 -0.586012 -1.06963 -1.12541 -0.766088 -0.656734 -0.506647 -0.841489 -2.15745 -2.12676 -2.81262 -2.10788 -1.95378 -1.81517 -2.32466 -2.35502 -2.77108 -1.33878 -1.28386 -1.48618 -1.14117 -3.00908 -1.72693 -1.10461 -0.958296 -1.37926 -3.84551 -4.50421 -1.94348 -2.11891 -1.27152 -1.08810 -1.63828 -1.69922 -2.54841 -3.38052 -3.65113 -2.38454 -2.79577 -2.12546 -2.71728 -25.2407 -1.55985
# init_log_rec_devs:
 1.25209 1.67432 0.406375 0.474600 -1.08389 -0.894067 -0.724582 -1.10486
# log_rec_devs:
 -0.469632 0.175419 1.84685 -0.0548601 -0.164518 0.0278049 -0.207146 0.554422 -0.462294 0.710757 1.14306 0.952346 0.519383 0.0202729 1.32723 -0.670009 -0.849102 -0.506836 -0.400539 0.126869 0.296026 0.655879 0.527312 0.507206 -0.577968 -0.549573 -0.311812 -0.988535 1.64778 -0.0904841 -0.887356 -1.01600 1.01619 0.390152 -0.831327 -0.498756 1.39634 0.680895 -0.0626823 -0.851557 0.591553 -1.70066 -1.90230 -0.798613 0.406295 0.538385 1.41575 -1.28308 -0.176846 -0.156948 -0.111740 0.797989 -0.677471 0.437135 -0.816039 0.458908 -0.967366 0.547440 -1.14295 0.238323 -0.158614 1.23043 -0.762605 -0.303160 -0.670495 0.0593362 0.353175 -1.14059 1.67392 -0.0503713
# log_m_nodes:
 -0.128500 0.0760173 0.140334 -0.165964 -0.0226367 0.104189 0.0127486 0.0627828 0.0230310 -0.0677327 0.0729625 -0.0749003
# log_age_tau2[1]:
0.325000000000
# log_age_tau2[2]:
0.325000000000
# log_age_tau2[3]:
0.325000000000
# phi1[1]:
0.0100000000000
# phi1[2]:
0.0100000000000
# phi1[3]:
0.0100000000000
# phi2[1]:
0.500000000000
# phi2[2]:
0.500000000000
# phi2[3]:
0.500000000000
# log_degrees_of_freedom[1]:
5.35000000000
# log_degrees_of_freedom[2]:
5.35000000000
# log_degrees_of_freedom[3]:
5.35000000000
# gamma_r:
0.00000000000
