# Number of parameters = 185 Objective function value = -734.189  Maximum gradient component = 0.000147916
# theta[1]:
 6.31294
# theta[2]:
 0.730874
# theta[3]:
 -0.537666
# theta[4]:
 5.91104
# theta[5]:
 5.57485
# theta[6]:
 0.273665
# theta[7]:
 1.47726
# sel_par[1]:
 0.967787 -1.48193
# sel_par[2]:
 1.08847 -1.15872
# sel_par[3]:
 1.56647 -0.768104
# sel_par[4]:
 0.720276 -2.99573
# sel_par[5]:
 0.720276 -2.99573
# log_ft_pars:
 -0.629071 0.116294 -6.99013 0.175187 -1.33170 -0.536780 -2.77349 -4.52986 0.312359 0.695590 0.399683 -0.276301 -0.410519 -0.426361 -0.351679 0.0561632 0.429951 -11.5224 -7.77991 -3.01773 -6.38473 -27.7958 -10.2588 -10.0052 -10.7596 -11.0358 -10.6498 -9.06182 -10.3399 -2.00812 -1.25001 -1.62564 -1.57432 -1.26695 -1.29840 -2.27682 -1.48032 -3.29801 -2.30550 -2.82769 -1.59001 -1.52011 -5.31995 -5.50755 -1.28596 -1.94616 -1.77464 -1.79494 -1.75869 -2.58586 -2.04946 -1.95596 -2.79463 -3.54389 -1.72214 -1.83361 -1.99836 -3.14389 -3.98654 -2.17807 -1.26626 -0.718655 -2.57466 -1.76786 -1.30865 -0.692490 -0.898756 -0.467153 -0.907196 -2.18991 -1.91757 -1.78717 -1.86375 -2.50860 -1.90319 -2.49030 -1.64917 -2.48106 -2.13971 -3.32024 -3.15064 -1.84210 -2.44600 -2.75563 -2.96813 -1.90829 -1.99848 -0.909729
# init_log_rec_devs:
 0.554707 1.36071 -0.715958 -0.474289 -0.301139 -0.172493 -0.104716 -0.146827
# log_rec_devs:
 0.195999 0.125290 0.752854 -0.0120165 0.321862 0.521839 0.351844 0.943917 0.628822 0.179426 0.860434 0.0667882 0.700590 -0.269043 -1.10148 0.183624 -0.0797364 -1.00966 0.155823 0.654503 0.424524 0.378257 0.525055 0.807362 -0.0492518 -0.378442 0.209303 -0.733182 0.309389 0.113082 -0.248577 -0.342964 0.203061 0.891151 0.930303 -0.208036 1.24804 -0.372025 -0.202864 -0.605885 0.426459 0.0355162 -0.171879 -0.842236 -0.478215 1.00875 -0.00558936 -0.571902 -0.416277 0.0525170 0.419184 0.469300 -0.281604 -0.147174 -0.557718 -0.136792 -1.02100 -0.442583 -1.03897 -0.0373268 -1.36501 -1.18339 -0.228898 -0.555134
# log_m_nodes:
 -0.0482167 -0.0714890 0.138734 -0.0706539 -0.151380 0.237186 -0.105905 0.0446365 0.0212420 0.109193 -0.104286 -0.119706
# log_age_tau2[1]:
0.325000000000
# log_age_tau2[2]:
0.325000000000
# log_age_tau2[3]:
0.325000000000
# phi1[1]:
0.0100000000000
# phi1[2]:
0.0100000000000
# phi1[3]:
0.0100000000000
# phi2[1]:
0.500000000000
# phi2[2]:
0.500000000000
# phi2[3]:
0.500000000000
# log_degrees_of_freedom[1]:
5.35000000000
# log_degrees_of_freedom[2]:
5.35000000000
# log_degrees_of_freedom[3]:
5.35000000000
# gamma_r:
0.00000000000
