# Number of parameters = 211 Objective function value = -754.577  Maximum gradient component = 0.000467552
# theta[1]:
 5.73421
# theta[2]:
 0.723352
# theta[3]:
 -0.865210
# theta[4]:
 5.28976
# theta[5]:
 5.45726
# theta[6]:
 0.279434
# theta[7]:
 1.24127
# sel_par[1]:
 1.65988 0.147103
# sel_par[2]:
 1.22189 -0.751190
# sel_par[3]:
 1.71163 -0.676092
# sel_par[4]:
 0.720276 -2.99573
# sel_par[5]:
 0.720276 -2.99573
# log_ft_pars:
 0.824699 1.37531 -1.74701 0.950238 0.718088 0.109733 1.39623 -0.473565 -0.226238 -0.0435569 0.534469 -0.166693 0.107121 -0.0569137 0.476877 -0.0217557 -0.178574 -1.07086 -1.36977 -0.329381 -1.82160 -3.26115 -3.70388 -3.93544 -3.00116 -2.54428 -0.669666 -1.10398 -2.05977 -1.44376 -1.66147 -4.53476 -4.23750 -4.03615 -5.06252 -5.34676 -5.29772 -5.78391 -6.56444 -4.55952 -7.38021 -9.36589 -9.25265 -7.65372 -6.79213 -1.14467 -2.09884 -2.00167 -2.43600 -1.86572 -1.10018 -1.79065 -2.02507 -1.92017 -2.73960 -4.76618 -2.89563 -2.48419 -2.36963 -2.78500 -2.16268 -2.01775 -2.40479 -2.86643 -3.08072 -2.49780 -2.21113 -3.30183 -4.48634 -2.73104 -2.93742 -2.21734 -2.67028 -2.39134 -2.21720 -2.62204 -3.42988 -3.08668 -3.45145 -2.94330 -6.55507 -0.912906 -6.00016 -3.36295 -1.71296 -0.592661 -1.03482 -1.11388 -2.26934 -1.77341 -1.17146 -1.15135 -1.28125 -1.00011 -0.699216 -1.44510 -1.51458 -0.837683 -0.654082 -1.35170 -2.03489 -1.13756 -0.163154 -0.583415 -1.50574 -1.00521 -1.45951 -0.990141 -0.888631 -0.991918 -1.07011 -1.28609 -1.60466 -1.44837 -1.47051 -1.86450 -1.63965
# init_log_rec_devs:
 1.31518 1.79507 0.643466 0.213043 -1.14578 -0.962192 -0.772181 -1.08661
# log_rec_devs:
 0.597704 0.253879 0.921950 -0.463094 0.295927 -0.301072 0.213494 0.945573 -0.174485 1.75029 1.20639 0.537190 1.78001 0.342270 -0.424418 -0.922627 -0.266068 -0.673560 -0.0867267 0.0859178 -0.802159 0.135525 0.155626 -0.236209 -1.01689 -0.677410 -1.29472 -1.37023 0.251977 -0.447159 -0.399339 -0.0174497 0.958132 0.0106568 -0.220847 0.731959 0.456206 0.0676539 -0.666202 0.733859 0.501014 -0.314035 -1.08342 -0.585936 0.595406 -0.167894 0.255306 -0.860660 -0.0976354 0.357750 -0.0967707 0.937207 -0.811028 -0.237244 -0.421593 0.672380 -0.494246 -0.405929 -0.0957977 0.420665 -0.0390678
# log_m_nodes:
 -0.277821 -0.0746855 0.276554 0.0114643 -0.112611 -0.0309479 0.0875685 -0.0277363 0.000639814 0.0440866 -0.00408995 -0.0680595
# log_age_tau2[1]:
0.325000000000
# log_age_tau2[2]:
0.325000000000
# log_age_tau2[3]:
0.325000000000
# phi1[1]:
0.0100000000000
# phi1[2]:
0.0100000000000
# phi1[3]:
0.0100000000000
# phi2[1]:
0.500000000000
# phi2[2]:
0.500000000000
# phi2[3]:
0.500000000000
# log_degrees_of_freedom[1]:
5.35000000000
# log_degrees_of_freedom[2]:
5.35000000000
# log_degrees_of_freedom[3]:
5.35000000000
# gamma_r:
0.00000000000
