# Number of parameters = 192 Objective function value = -860.576  Maximum gradient component = 0.000600713
# theta[1]:
 5.92120
# theta[2]:
 0.819628
# theta[3]:
 -0.798176
# theta[4]:
 5.53310
# theta[5]:
 5.57866
# theta[6]:
 0.197424
# theta[7]:
 1.30785
# sel_par[1]:
 1.04609 -0.878803
# sel_par[2]:
 1.17245 -0.935404
# sel_par[3]:
 1.61994 -0.760254
# sel_par[4]:
 0.720276 -2.99573
# sel_par[5]:
 0.720276 -2.99573
# log_ft_pars:
 -0.406246 -0.0605510 -3.63146 -0.401224 -1.28226 0.449022 0.461262 -0.584372 0.111217 -1.74530 0.0770663 -0.872284 0.191270 0.345358 0.0262064 1.56779 0.506960 -1.87822 -4.45755 -1.87431 -4.26879 -6.86117 -4.55687 -8.63151 -8.63718 -9.42658 -7.51670 -9.89252 -6.78445 -7.44150 -6.11370 -0.938647 -1.41769 -2.09113 -2.29140 -1.62936 -1.97542 -1.44039 -5.52406 -3.42557 -3.28696 -2.31559 -2.37569 -2.61602 -2.37294 -2.36013 -1.86388 -1.85194 -1.32094 -1.47385 -1.50296 -1.20548 -1.07614 -1.62105 -1.96055 -1.35757 -1.71298 -1.54609 -1.44139 -1.84052 -2.18033 -1.86093 -1.39044 -1.22316 -2.92858 -3.88279 -2.04256 -0.527489 -0.743857 -0.725637 -0.703810 -0.0974627 -3.04455 -1.92447 -1.95870 -2.21772 -1.90864 -2.08853 -2.45033 -2.68000 -2.63313 -1.52339 -1.76097 -2.26578 -2.42946 -1.74480 -1.97365 -2.31243 -3.43247 -3.42226 -2.73671 -2.12181 -2.82822 -3.32539 -3.27498 -3.39321
# init_log_rec_devs:
 1.08205 1.51922 0.371563 -0.864753 -0.671771 -0.510147 -0.377152 -0.549009
# log_rec_devs:
 0.00881547 0.0329797 1.41701 -0.316462 -0.161443 0.346364 0.402434 0.775710 -0.524600 0.470717 0.926859 0.701045 0.631071 0.0602953 -0.641103 1.73212 -0.755682 -0.547456 0.380304 0.301862 0.227485 0.337569 0.108917 0.154628 -0.558350 -0.786612 -0.527538 -0.691867 1.57456 0.469858 0.448657 -0.365883 -0.513805 0.486696 -0.256695 0.0665436 1.28837 -0.793859 -1.29275 -0.303527 0.927764 -0.639502 -0.449392 -1.71934 -0.741520 0.530967 0.525267 -0.779650 -0.219606 -0.997619 -0.198735 0.641904 -0.296807 0.577466 -0.450467 0.0404687 -0.752012 0.807771 -0.381520 0.378988 -0.774330 0.342449 -0.685782
# log_m_nodes:
 -0.147679 -0.0929553 0.218822 -0.0262320 -0.128972 0.144406 -0.0470846 -0.0760819 0.0315839 0.151548 0.0112447 -0.211873
# log_age_tau2[1]:
0.325000000000
# log_age_tau2[2]:
0.325000000000
# log_age_tau2[3]:
0.325000000000
# phi1[1]:
0.0100000000000
# phi1[2]:
0.0100000000000
# phi1[3]:
0.0100000000000
# phi2[1]:
0.500000000000
# phi2[2]:
0.500000000000
# phi2[3]:
0.500000000000
# log_degrees_of_freedom[1]:
5.35000000000
# log_degrees_of_freedom[2]:
5.35000000000
# log_degrees_of_freedom[3]:
5.35000000000
# gamma_r:
0.00000000000
