# Number of parameters = 186 Objective function value = -663.313  Maximum gradient component = 0.00313572
# theta[1]:
 6.04778
# theta[2]:
 0.766591
# theta[3]:
 -0.615192
# theta[4]:
 5.65138
# theta[5]:
 5.31348
# theta[6]:
 0.291827
# theta[7]:
 1.42454
# sel_par[1]:
 0.955938 -1.49960
# sel_par[2]:
 0.703419 -4.88342
# sel_par[3]:
 1.53937 -0.778820
# sel_par[4]:
 0.720276 -2.99573
# sel_par[5]:
 0.720276 -2.99573
# log_ft_pars:
 -0.541212 0.257835 -6.83134 0.342786 -1.12102 -0.335818 -2.59799 -4.43522 0.361896 0.741130 0.482650 -0.150562 -0.271794 -0.296770 -0.218509 0.220600 0.555677 -11.4100 -7.62167 -2.77613 -6.06091 -27.4203 -9.89236 -9.67994 -10.5232 -10.8313 -10.6377 -9.08946 -10.3748 -2.11215 -1.36351 -1.73525 -1.69165 -1.27205 -1.25830 -2.23282 -1.26513 -3.13545 -2.11052 -2.63391 -1.46756 -1.54836 -5.43065 -5.59087 -1.25556 -2.13918 -1.72550 -1.80230 -1.78292 -2.76694 -2.17882 -2.09869 -2.92694 -3.73425 -2.09222 -1.99234 -2.13166 -3.31081 -4.19137 -2.39824 -1.44225 -1.05857 -2.61055 -1.79936 -1.32971 -0.693167 -0.850418 -0.351598 -0.706407 -1.94499 -1.69523 -1.60327 -1.72060 -2.43294 -1.90321 -2.48236 -1.65456 -2.46948 -2.13461 -3.36503 -3.27511 -2.03068 -2.58879 -2.87561 -3.11737 -2.07343 -2.20025 -1.22178
# init_log_rec_devs:
 0.671619 1.44159 -0.733473 -0.507253 -0.338133 -0.207688 -0.132279 -0.194379
# log_rec_devs:
 0.286815 0.113066 0.771186 -0.0736834 0.263308 0.446941 0.342326 1.02277 0.747866 0.277595 0.896010 0.0850485 0.715388 -0.259452 -1.11599 0.282496 -0.212439 -1.10868 0.0544457 0.596955 0.423671 0.458309 0.596281 0.863164 0.0568062 -0.329290 0.0613153 -0.893284 -0.0427930 -0.251334 -0.635400 -0.624781 -0.0186656 0.619444 0.726911 -0.224941 1.17020 -0.387267 -0.218435 -0.607288 0.393921 0.0737213 -0.110036 -0.747323 -0.393168 1.11868 0.166217 -0.407371 -0.330659 0.0674235 0.379148 0.441913 -0.280187 -0.122859 -0.522895 -0.0750089 -0.954359 -0.367356 -0.890682 0.0722353 -1.23234 -1.03801 -0.0430224 -0.712045 0.639454
# log_m_nodes:
 -0.104261 -0.0750292 0.165574 -0.0836588 -0.152584 0.236122 -0.105535 0.0675685 0.0321157 0.0878115 -0.107819 0.0419466
# log_age_tau2[1]:
0.325000000000
# log_age_tau2[2]:
0.325000000000
# log_age_tau2[3]:
0.325000000000
# phi1[1]:
0.0100000000000
# phi1[2]:
0.0100000000000
# phi1[3]:
0.0100000000000
# phi2[1]:
0.500000000000
# phi2[2]:
0.500000000000
# phi2[3]:
0.500000000000
# log_degrees_of_freedom[1]:
5.35000000000
# log_degrees_of_freedom[2]:
5.35000000000
# log_degrees_of_freedom[3]:
5.35000000000
# gamma_r:
0.00000000000
