# Number of parameters = 202 Objective function value = -950.964  Maximum gradient component = 6.50412e-005
# theta[1]:
 5.95180
# theta[2]:
 0.823739
# theta[3]:
 -0.807951
# theta[4]:
 5.57220
# theta[5]:
 5.55265
# theta[6]:
 0.221843
# theta[7]:
 1.28712
# sel_par[1]:
 1.04841 -0.876563
# sel_par[2]:
 1.17363 -0.941563
# sel_par[3]:
 1.62904 -0.733802
# sel_par[4]:
 0.720276 -2.99573
# sel_par[5]:
 0.720276 -2.99573
# log_ft_pars:
 -0.398765 -0.0540854 -3.62579 -0.399936 -1.28231 0.451480 0.464654 -0.583309 0.114385 -1.74436 0.0774964 -0.874459 0.182988 0.323481 -0.0159307 1.51763 0.486292 -1.87573 -4.41395 -1.83446 -4.24327 -6.86133 -4.60505 -8.65911 -8.63770 -9.41017 -7.49598 -9.90314 -6.83380 -7.49313 -6.12318 -0.915104 -1.41741 -2.11817 -2.33497 -1.67953 -2.02244 -1.48398 -5.50909 -3.40618 -3.27788 -2.32638 -2.40893 -2.66526 -2.42469 -2.40978 -1.90784 -1.88394 -1.34145 -1.48399 -1.51238 -1.21693 -1.09519 -1.65047 -2.00171 -1.40775 -1.76613 -1.59552 -1.47970 -1.85712 -2.17176 -1.82518 -1.32921 -1.15364 -2.88219 -3.21415 -4.51329 -3.84094 -2.02583 -0.532070 -0.761247 -0.751245 -0.726885 -0.117105 -3.01643 -1.88140 -1.90312 -2.18921 -1.90761 -2.11370 -2.48762 -2.71035 -2.65928 -1.53758 -1.75926 -2.27343 -2.43930 -1.73908 -1.95398 -2.31114 -3.44564 -3.44761 -2.76640 -2.14637 -2.85105 -3.34568 -3.27461 -3.36482 -1.84503
# init_log_rec_devs:
 1.09782 1.53175 0.378205 -0.869695 -0.677921 -0.516469 -0.382783 -0.560910
# log_rec_devs:
 -0.0351049 -0.00253806 1.39069 -0.341560 -0.188682 0.319958 0.377019 0.742110 -0.562253 0.431560 0.885117 0.663656 0.605771 0.0743202 -0.617657 1.74697 -0.634140 -0.518309 0.339469 0.209323 0.114891 0.256858 0.0597997 0.151824 -0.533131 -0.726725 -0.444724 -0.630672 1.59724 0.445662 0.391075 -0.434674 -0.579757 0.460160 -0.254503 0.0944333 1.33705 -0.760840 -1.27810 -0.301225 0.914485 -0.662344 -0.462532 -1.73656 -0.734771 0.548523 0.543467 -0.731182 -0.173929 -0.961289 -0.157453 0.656676 -0.323388 0.514339 -0.556599 -0.0731848 -0.851630 0.715310 -0.321938 0.410739 -0.705301 0.386620 -0.482305 0.589009 -0.514617 -0.384580 -0.107150 1.40144 -1.06502 0.474814
# log_m_nodes:
 -0.138921 -0.0693248 0.244298 -0.171144 0.0518802 0.0470838 -0.0934288 0.00585364 0.147932 -0.00849558 -0.0769170 0.0466598
# log_age_tau2[1]:
0.325000000000
# log_age_tau2[2]:
0.325000000000
# log_age_tau2[3]:
0.325000000000
# phi1[1]:
0.0100000000000
# phi1[2]:
0.0100000000000
# phi1[3]:
0.0100000000000
# phi2[1]:
0.500000000000
# phi2[2]:
0.500000000000
# phi2[3]:
0.500000000000
# log_degrees_of_freedom[1]:
5.35000000000
# log_degrees_of_freedom[2]:
5.35000000000
# log_degrees_of_freedom[3]:
5.35000000000
# gamma_r:
0.00000000000
