# Number of parameters = 239 Objective function value = -1341.89  Maximum gradient component = 0.000246741
# theta[1]:
 7.22882
# theta[2]:
 0.778973
# theta[3]:
 -0.783896
# theta[4]:
 6.87227
# theta[5]:
 5.62092
# theta[6]:
 0.237618
# theta[7]:
 1.64953
# sel_par[1]:
 0.974096 -1.22578
# sel_par[2]:
 1.05903 -1.10194
# sel_par[3]:
 1.53551 -0.917886
# sel_par[4]:
 0.720276 -2.99573
# sel_par[5]:
 0.720276 -2.99573
# log_ft_pars:
 -0.398535 -0.283839 -2.10417 -0.486620 -0.441799 -0.0134300 0.345010 -0.578612 -0.216302 -0.0429772 -0.161968 0.00364924 0.119279 0.151085 0.0734152 0.284315 0.681855 -2.14056 -4.59590 -4.84586 -3.13325 -2.60218 -2.27181 -4.49900 -4.93020 -2.60049 -2.65918 -1.80977 -1.68822 -3.33502 -2.67068 -2.75872 -3.99413 -3.65214 -3.88393 -4.88358 -5.50933 -4.69207 -4.30969 -5.93916 -5.10363 -4.54790 -5.25109 -4.64505 -4.98595 -5.14694 -5.55862 -4.70544 -4.19548 -4.36647 -4.34327 -4.46518 -3.98603 -4.28623 -3.79285 -3.48638 -4.28293 -3.81334 -4.65576 -4.39623 -4.51122 -2.95842 -2.86874 -1.70294 -3.05032 -4.46051 -4.65031 -5.73065 -2.86240 -2.96960 -5.91988 -3.43998 -2.83668 -1.64663 -1.98004 -2.44286 -5.69426 -2.83879 -3.86975 -3.90201 -4.29216 -3.30694 -3.17096 -2.92209 -2.98593 -2.40200 -2.26710 -2.77629 -2.90747 -2.53021 -2.57050 -2.37698 -2.28142 -2.54746 -2.30713 -1.91784 -2.84825 -2.12023 -2.16993 -2.17553 -3.09086 -2.48701 -4.05082 -1.51832 -1.28702 -0.922181 -1.05206 -1.16523 -1.22695 -1.44352 -2.20667 -1.70058 -1.45911 -0.669837 -0.596044 -0.895305 -0.834461 -1.13330 -1.27833 -1.27677 -1.06298 -1.18696 -1.19333 -0.984955 -1.36987 -1.57822 -1.36297 -1.22458 -1.48156 -1.43633 -1.34616 -1.22618 -1.25567 -1.75952 -1.26028 -1.15161 -1.25861 -1.81668 -1.51104 -1.43405 -1.13663 -1.33049 -1.51105
# init_log_rec_devs:
 1.39176 0.978323 -0.696943 -0.530707 -0.386852 -0.276457 -0.186170 -0.292951
# log_rec_devs:
 0.103461 0.145518 0.516835 0.321474 -0.304805 -0.651833 -0.540618 0.113660 0.0736111 -0.497785 0.294377 0.245314 0.542512 -0.150581 -0.482045 -0.198737 -0.336194 -0.958361 0.0451141 0.117708 -0.200577 -0.356225 -0.326712 -0.0948010 -0.568272 -0.0369103 -0.225731 -0.836615 -0.254325 -0.464334 -0.436482 -0.686313 -0.915977 -0.382445 0.196873 -0.416284 0.503753 -0.588937 0.402279 -0.128484 0.742949 0.418917 0.668808 -0.171876 0.464206 0.791740 0.813335 0.00611640 0.399807 0.570922 0.749332 0.771637 0.269001 0.289493 0.172791 0.711275 -0.645615 0.611841 -1.10517 0.718455 0.303707 -0.249840 0.116065
# log_m_nodes:
 -0.131456 -0.0649481 0.208654 0.0619966 -0.174506 0.108686 -0.0313597 0.0359737 -0.0197994 0.00654177 0.00773093 -0.206446
# log_age_tau2[1]:
0.325000000000
# log_age_tau2[2]:
0.325000000000
# log_age_tau2[3]:
0.325000000000
# phi1[1]:
0.0100000000000
# phi1[2]:
0.0100000000000
# phi1[3]:
0.0100000000000
# phi2[1]:
0.500000000000
# phi2[2]:
0.500000000000
# phi2[3]:
0.500000000000
# log_degrees_of_freedom[1]:
5.35000000000
# log_degrees_of_freedom[2]:
5.35000000000
# log_degrees_of_freedom[3]:
5.35000000000
# gamma_r:
0.00000000000
