# Number of parameters = 194 Objective function value = -881.042  Maximum gradient component = 0.000448240
# theta[1]:
 5.92166
# theta[2]:
 0.824045
# theta[3]:
 -0.800178
# theta[4]:
 5.53716
# theta[5]:
 5.57269
# theta[6]:
 0.199990
# theta[7]:
 1.30933
# sel_par[1]:
 1.04612 -0.879084
# sel_par[2]:
 1.17000 -0.938562
# sel_par[3]:
 1.62724 -0.736134
# sel_par[4]:
 0.720276 -2.99573
# sel_par[5]:
 0.720276 -2.99573
# log_ft_pars:
 -0.404233 -0.0577640 -3.62831 -0.398892 -1.28013 0.451396 0.464783 -0.581167 0.113895 -1.74377 0.0766320 -0.874457 0.187506 0.340977 0.0271336 1.56491 0.508613 -1.86761 -4.44796 -1.86920 -4.26866 -6.86581 -4.55397 -8.62426 -8.63024 -9.42091 -7.51181 -9.88567 -6.77307 -7.43665 -6.12516 -0.943920 -1.42713 -2.10250 -2.30092 -1.63443 -1.97495 -1.43557 -5.52221 -3.42324 -3.28380 -2.31083 -2.36933 -2.60770 -2.36611 -2.36032 -1.86763 -1.86008 -1.33481 -1.49098 -1.51504 -1.21334 -1.07875 -1.61919 -1.95798 -1.35121 -1.70415 -1.54094 -1.44264 -1.85041 -2.19687 -1.87511 -1.40125 -1.22943 -2.93934 -3.86924 -2.03523 -0.519974 -0.731942 -0.711848 -0.685460 -0.0742074 -3.02266 -1.90417 -1.92668 -2.19782 -1.89308 -2.07367 -2.43283 -2.65603 -2.61555 -1.50773 -1.74218 -2.26544 -2.44006 -1.74466 -1.95533 -2.29764 -3.41596 -3.40554 -2.71496 -2.08977 -2.80066 -3.31256 -3.27165 -3.39760 -1.73735
# init_log_rec_devs:
 1.08501 1.52160 0.372923 -0.865566 -0.672883 -0.511345 -0.378358 -0.551386
# log_rec_devs:
 0.00203820 0.0262164 1.41107 -0.322129 -0.167389 0.340011 0.394744 0.767035 -0.532631 0.464163 0.922611 0.700291 0.634872 0.0670546 -0.639699 1.74336 -0.743504 -0.552513 0.358621 0.274157 0.201158 0.324508 0.100060 0.150332 -0.567192 -0.791280 -0.526398 -0.693939 1.56216 0.453257 0.428478 -0.383652 -0.534498 0.470018 -0.275222 0.0477286 1.27303 -0.806943 -1.30215 -0.304044 0.931218 -0.631262 -0.434338 -1.71037 -0.733099 0.529453 0.509634 -0.789057 -0.234408 -1.01263 -0.203245 0.640724 -0.291683 0.585022 -0.446340 0.0409815 -0.757623 0.770321 -0.317534 0.388079 -0.897087 0.374899 -0.701881 0.416439
# log_m_nodes:
 -0.147131 -0.0918165 0.230460 -0.0552408 -0.104978 0.143279 -0.0692015 -0.0561988 0.0386610 0.160538 -0.0352517 -0.123378
# log_age_tau2[1]:
0.325000000000
# log_age_tau2[2]:
0.325000000000
# log_age_tau2[3]:
0.325000000000
# phi1[1]:
0.0100000000000
# phi1[2]:
0.0100000000000
# phi1[3]:
0.0100000000000
# phi2[1]:
0.500000000000
# phi2[2]:
0.500000000000
# phi2[3]:
0.500000000000
# log_degrees_of_freedom[1]:
5.35000000000
# log_degrees_of_freedom[2]:
5.35000000000
# log_degrees_of_freedom[3]:
5.35000000000
# gamma_r:
0.00000000000
