# Number of parameters = 236 Objective function value = -885.169  Maximum gradient component = 0.000378814
# theta[1]:
 5.74993
# theta[2]:
 0.723735
# theta[3]:
 -0.846765
# theta[4]:
 5.33298
# theta[5]:
 5.52805
# theta[6]:
 0.285010
# theta[7]:
 1.28436
# sel_par[1]:
 1.60246 0.0962084
# sel_par[2]:
 1.19260 -0.877479
# sel_par[3]:
 1.73486 -0.630043
# sel_par[4]:
 0.720276 -2.99573
# sel_par[5]:
 0.720276 -2.99573
# log_ft_pars:
 0.672191 1.20970 -1.90324 0.794461 0.555615 -0.0387039 1.24267 -0.627158 -0.364868 -0.164500 0.439307 -0.244844 0.0463319 -0.100441 0.443093 -0.0528466 -0.194834 -1.09000 -1.44675 -0.428896 -1.91745 -3.34777 -3.78737 -4.03108 -3.09979 -2.64089 -0.773533 -1.22942 -2.20282 -1.59914 -1.80540 -4.62867 -4.32632 -4.12323 -5.15145 -5.45126 -5.43020 -5.93548 -6.72108 -4.72280 -7.54877 -9.51938 -9.39987 -7.80469 -6.93762 -4.05658 -3.11278 -3.35929 -3.04336 -1.15863 -2.09683 -2.01038 -2.45072 -1.87968 -1.11954 -1.82900 -2.06172 -1.99745 -2.83243 -4.82232 -2.92551 -2.51137 -2.37243 -2.80189 -2.21453 -2.09002 -2.48061 -2.95541 -3.19091 -2.60034 -2.28522 -3.35003 -4.56422 -2.79898 -3.02211 -2.29785 -2.75788 -2.47192 -2.26243 -2.65923 -3.46662 -3.11349 -3.49025 -2.95959 -3.58241 -3.14344 -3.12844 -3.11870 -3.20417 -2.76229 -6.48339 -0.823744 -5.90743 -3.27894 -1.65027 -0.553062 -0.998248 -1.07372 -2.23459 -1.72309 -1.10692 -1.05759 -1.19804 -0.946164 -0.650431 -1.41171 -1.50402 -0.835167 -0.626770 -1.31508 -2.01558 -1.12323 -0.131322 -0.522862 -1.46096 -0.980141 -1.44581 -0.977640 -0.851546 -0.941513 -0.995205 -1.21481 -1.53978 -1.36452 -1.34281 -1.70816 -1.46776 -1.64565 -1.46935 -1.61734 -1.70402 -1.22440 -1.16393 -2.45906
# init_log_rec_devs:
 1.27503 1.75002 0.584523 0.195842 -1.11623 -0.926509 -0.734304 -1.02837
# log_rec_devs:
 0.580762 0.258047 0.902545 -0.470498 0.303599 -0.295546 0.193542 0.921399 -0.228079 1.67542 1.11230 0.416681 1.61221 0.186296 -0.534639 -0.911484 -0.291088 -0.688329 -0.0651327 0.000716559 -0.935200 0.0176820 0.0186734 -0.374581 -1.10722 -0.747162 -1.36491 -1.40202 0.272705 -0.473318 -0.428962 -0.0490835 0.916775 -0.0793414 -0.291610 0.685180 0.448468 0.0515411 -0.636986 0.772547 0.594862 -0.279746 -1.08313 -0.554964 0.637492 -0.134447 0.284049 -0.853447 -0.0530759 0.396374 -0.0553112 0.994554 -0.785975 -0.186128 -0.332698 0.635885 -0.309562 -0.321656 0.163483 0.382231 -0.216140 0.174971 -0.833210 0.821649 0.0427969 -0.609268 0.449440 0.736297 0.322766
# log_m_nodes:
 -0.262036 -0.0236146 0.244384 -0.0871685 -0.0733658 0.0637215 0.0111977 -0.0159680 0.0546697 -0.0165200 0.0247550 -0.00866887
# log_age_tau2[1]:
0.325000000000
# log_age_tau2[2]:
0.325000000000
# log_age_tau2[3]:
0.325000000000
# phi1[1]:
0.0100000000000
# phi1[2]:
0.0100000000000
# phi1[3]:
0.0100000000000
# phi2[1]:
0.500000000000
# phi2[2]:
0.500000000000
# phi2[3]:
0.500000000000
# log_degrees_of_freedom[1]:
5.35000000000
# log_degrees_of_freedom[2]:
5.35000000000
# log_degrees_of_freedom[3]:
5.35000000000
# gamma_r:
0.00000000000
