# Number of parameters = 237 Objective function value = -885.487  Maximum gradient component = 8.04903e-005
# theta[1]:
 5.72531
# theta[2]:
 0.716401
# theta[3]:
 -0.854138
# theta[4]:
 5.29138
# theta[5]:
 5.51227
# theta[6]:
 0.279169
# theta[7]:
 1.26013
# sel_par[1]:
 1.59662 0.0937430
# sel_par[2]:
 1.18332 -0.921367
# sel_par[3]:
 1.73433 -0.630066
# sel_par[4]:
 0.720276 -2.99573
# sel_par[5]:
 0.720276 -2.99573
# log_ft_pars:
 0.660869 1.20056 -1.91074 0.784399 0.544105 -0.0500282 1.23147 -0.635718 -0.372962 -0.171293 0.435194 -0.246193 0.0479769 -0.0952676 0.451667 -0.0411242 -0.181414 -1.07804 -1.44298 -0.424118 -1.90810 -3.33489 -3.77298 -4.01880 -3.09097 -2.63378 -0.764689 -1.21780 -2.19366 -1.59560 -1.80657 -4.63609 -4.33455 -4.12911 -5.15265 -5.44792 -5.42276 -5.92557 -6.71296 -4.71933 -7.55055 -9.52448 -9.39543 -7.80496 -6.94368 -4.04153 -3.10185 -3.35690 -3.06257 -1.14833 -2.08225 -1.99752 -2.43844 -1.86821 -1.10942 -1.81884 -2.04419 -1.99009 -2.83277 -4.82067 -2.93471 -2.52215 -2.37417 -2.80130 -2.21217 -2.08152 -2.46672 -2.94553 -3.18988 -2.60223 -2.28640 -3.35055 -4.56015 -2.78893 -3.01532 -2.29109 -2.75999 -2.47964 -2.26788 -2.66580 -3.47387 -3.11093 -3.48215 -2.94932 -3.56656 -3.12702 -3.11168 -3.10703 -3.20303 -2.77231 -6.46799 -0.802199 -5.88717 -3.26374 -1.63778 -0.539513 -0.981464 -1.05647 -2.22069 -1.72247 -1.10662 -1.05622 -1.19309 -0.936820 -0.636673 -1.39579 -1.48999 -0.824617 -0.619834 -1.31246 -2.01637 -1.12433 -0.130273 -0.518302 -1.45326 -0.968750 -1.43287 -0.966233 -0.843044 -0.937303 -0.996543 -1.21866 -1.54238 -1.36310 -1.33542 -1.69487 -1.44964 -1.62425 -1.44684 -1.59592 -1.68782 -1.21862 -1.17552 -2.50132
# init_log_rec_devs:
 1.28053 1.75529 0.585633 0.197938 -1.11732 -0.928524 -0.737202 -1.03634
# log_rec_devs:
 0.610351 0.287251 0.931603 -0.445062 0.336070 -0.265338 0.223818 0.953632 -0.202638 1.70496 1.13516 0.431256 1.62190 0.189202 -0.535391 -0.923670 -0.293119 -0.685292 -0.0531390 0.0154363 -0.928551 0.0226694 0.0183486 -0.375077 -1.09849 -0.746314 -1.37078 -1.40993 0.279271 -0.468926 -0.417481 -0.0241545 0.949740 -0.0492048 -0.253954 0.713234 0.470137 0.0645308 -0.628103 0.777502 0.609688 -0.266753 -1.06454 -0.532126 0.671850 -0.105867 0.309778 -0.833066 -0.0332674 0.407884 -0.0385999 1.01449 -0.766916 -0.155853 -0.300031 0.671809 -0.268529 -0.290636 0.187143 0.396938 -0.211007 0.184003 -0.834473 0.816013 0.0415998 -0.621805 0.530611 1.22588 -0.969311 -0.336371
# log_m_nodes:
 -0.268920 -0.0139116 0.238879 -0.0963950 -0.0684521 0.0758259 -0.00368119 -0.00244048 0.0481767 -0.0154212 0.0177400 -0.0589595
# log_age_tau2[1]:
0.325000000000
# log_age_tau2[2]:
0.325000000000
# log_age_tau2[3]:
0.325000000000
# phi1[1]:
0.0100000000000
# phi1[2]:
0.0100000000000
# phi1[3]:
0.0100000000000
# phi2[1]:
0.500000000000
# phi2[2]:
0.500000000000
# phi2[3]:
0.500000000000
# log_degrees_of_freedom[1]:
5.35000000000
# log_degrees_of_freedom[2]:
5.35000000000
# log_degrees_of_freedom[3]:
5.35000000000
# gamma_r:
0.00000000000
