# Number of parameters = 189 Objective function value = -826.651  Maximum gradient component = 0.000373093
# theta[1]:
 5.92270
# theta[2]:
 0.815708
# theta[3]:
 -0.794442
# theta[4]:
 5.53121
# theta[5]:
 5.58895
# theta[6]:
 0.189883
# theta[7]:
 1.29863
# sel_par[1]:
 1.04531 -0.879789
# sel_par[2]:
 1.17373 -0.933553
# sel_par[3]:
 1.62103 -0.758443
# sel_par[4]:
 0.720276 -2.99573
# sel_par[5]:
 0.720276 -2.99573
# log_ft_pars:
 -0.409418 -0.0641220 -3.63610 -0.406235 -1.28681 0.443393 0.452337 -0.591709 0.106706 -1.74395 0.0854185 -0.858594 0.208127 0.363769 0.0305499 1.57100 0.491931 -1.91365 -4.47242 -1.86907 -4.24541 -6.82837 -4.55821 -8.64596 -8.64701 -9.42830 -7.51182 -9.88163 -6.77028 -7.41682 -6.10951 -0.912963 -1.38307 -2.05734 -2.26654 -1.61626 -1.97450 -1.45003 -5.52299 -3.41893 -3.27656 -2.30320 -2.36123 -2.59957 -2.35180 -2.33216 -1.83520 -1.82668 -1.30165 -1.46478 -1.50673 -1.21872 -1.09511 -1.63622 -1.96210 -1.34356 -1.68214 -1.50003 -1.38786 -1.79236 -2.15200 -1.86317 -1.42187 -1.27616 -2.98039 -3.84770 -2.00246 -0.490209 -0.715446 -0.708976 -0.697915 -0.104172 -3.05082 -1.92103 -1.94724 -2.20423 -1.89357 -2.07144 -2.43037 -2.65650 -2.60731 -1.49419 -1.73209 -2.24448 -2.41752 -1.74344 -1.98218 -2.32832 -3.44591 -3.42373 -2.71981 -2.08554 -2.77915 -3.27078 -3.22650 -3.36693
# init_log_rec_devs:
 1.07611 1.51438 0.369035 -0.862917 -0.669513 -0.507777 -0.374931 -0.544390
# log_rec_devs:
 0.0137581 0.0362167 1.41965 -0.312735 -0.155352 0.354888 0.414003 0.788884 -0.516613 0.471970 0.917444 0.680742 0.595685 0.0188490 -0.663242 1.70115 -0.753293 -0.510746 0.437490 0.340995 0.234883 0.307495 0.0619217 0.107265 -0.589189 -0.802400 -0.528601 -0.681681 1.59215 0.487120 0.459257 -0.363254 -0.513038 0.479983 -0.265159 0.0530432 1.26314 -0.823281 -1.32340 -0.332223 0.908406 -0.642079 -0.440032 -1.69187 -0.711757 0.557095 0.541980 -0.794117 -0.254288 -1.05240 -0.267830 0.576237 -0.338973 0.568955 -0.415968 0.112947 -0.756709 0.947208 -0.318862 -0.631704
# log_m_nodes:
 -0.151622 -0.0934386 0.176715 0.0624348 -0.190301 0.130036 0.0216680 -0.109781 0.00875568 0.0837369 0.144738 -0.0452740
# log_age_tau2[1]:
0.325000000000
# log_age_tau2[2]:
0.325000000000
# log_age_tau2[3]:
0.325000000000
# phi1[1]:
0.0100000000000
# phi1[2]:
0.0100000000000
# phi1[3]:
0.0100000000000
# phi2[1]:
0.500000000000
# phi2[2]:
0.500000000000
# phi2[3]:
0.500000000000
# log_degrees_of_freedom[1]:
5.35000000000
# log_degrees_of_freedom[2]:
5.35000000000
# log_degrees_of_freedom[3]:
5.35000000000
# gamma_r:
0.00000000000
