# Number of parameters = 189 Objective function value = -758.369  Maximum gradient component = 0.000336560
# theta[1]:
 6.30863
# theta[2]:
 0.739215
# theta[3]:
 -0.540153
# theta[4]:
 5.91436
# theta[5]:
 5.56655
# theta[6]:
 0.296598
# theta[7]:
 1.40970
# sel_par[1]:
 0.967443 -1.48381
# sel_par[2]:
 1.09678 -1.13439
# sel_par[3]:
 1.56841 -0.766144
# sel_par[4]:
 0.720276 -2.99573
# sel_par[5]:
 0.720276 -2.99573
# log_ft_pars:
 -0.626480 0.122092 -6.98065 0.183231 -1.31903 -0.521993 -2.75961 -4.52264 0.315645 0.696795 0.394006 -0.294705 -0.447375 -0.472721 -0.390338 0.0463499 0.437078 -11.6006 -7.81912 -3.01163 -6.31801 -27.6884 -10.1468 -9.92996 -10.8965 -11.1743 -10.6388 -9.10939 -10.4343 -2.02086 -1.29294 -1.68637 -1.63608 -1.32382 -1.33179 -2.26030 -1.40816 -3.17682 -2.18323 -2.74400 -1.57610 -1.58687 -5.43710 -5.62740 -1.38713 -1.98845 -1.76653 -1.73077 -1.65646 -2.47316 -1.97393 -1.93414 -2.83522 -3.62995 -1.81941 -1.94031 -2.07355 -3.15417 -3.87063 -2.03728 -1.13803 -0.618806 -2.61808 -1.82787 -1.36750 -0.744692 -0.931831 -0.460698 -0.837634 -2.07416 -1.79857 -1.70240 -1.85064 -2.58290 -1.99842 -2.54123 -1.63816 -2.41717 -2.03941 -3.21345 -3.13011 -1.95084 -2.51955 -2.76605 -2.85685 -1.77364 -1.87163 -0.814708
# init_log_rec_devs:
 0.558187 1.36341 -0.717143 -0.476611 -0.303042 -0.172259 -0.104483 -0.148055
# log_rec_devs:
 0.187799 0.112244 0.748125 -0.0223685 0.306920 0.501436 0.332415 0.926125 0.609435 0.163729 0.856899 0.0899844 0.749903 -0.204450 -1.04828 0.253250 -0.0674581 -1.04000 0.0898559 0.596198 0.405145 0.403312 0.606533 0.920040 0.0777518 -0.271085 0.272215 -0.746085 0.235486 -0.0126370 -0.391282 -0.457149 0.162853 0.946251 1.06466 -0.0407189 1.41102 -0.277870 -0.189376 -0.664989 0.321207 -0.0800326 -0.265743 -0.884090 -0.451837 1.09625 0.137226 -0.417692 -0.281936 0.116481 0.400887 0.370884 -0.445632 -0.329806 -0.696496 -0.181251 -0.949080 -0.291602 -0.850500 0.106030 -1.28231 -1.15330 -0.252803 -0.502056 0.713827 -0.902778 -0.708165 0.0684679
# log_m_nodes:
 -0.0454683 -0.0720590 0.167629 -0.162844 -0.00129793 0.134548 -0.0926333 0.0600141 0.0615893 0.0184649 -0.0935879 0.0141787
# log_age_tau2[1]:
0.325000000000
# log_age_tau2[2]:
0.325000000000
# log_age_tau2[3]:
0.325000000000
# phi1[1]:
0.0100000000000
# phi1[2]:
0.0100000000000
# phi1[3]:
0.0100000000000
# phi2[1]:
0.500000000000
# phi2[2]:
0.500000000000
# phi2[3]:
0.500000000000
# log_degrees_of_freedom[1]:
5.35000000000
# log_degrees_of_freedom[2]:
5.35000000000
# log_degrees_of_freedom[3]:
5.35000000000
# gamma_r:
0.00000000000
