# Number of parameters = 194 Objective function value = -876.335  Maximum gradient component = 0.000293842
# theta[1]:
 5.93538
# theta[2]:
 0.828276
# theta[3]:
 -0.797304
# theta[4]:
 5.55263
# theta[5]:
 5.58216
# theta[6]:
 0.199293
# theta[7]:
 1.30217
# sel_par[1]:
 1.04635 -0.879966
# sel_par[2]:
 1.16693 -0.949368
# sel_par[3]:
 1.62699 -0.737148
# sel_par[4]:
 0.720276 -2.99573
# sel_par[5]:
 0.720276 -2.99573
# log_ft_pars:
 -0.408481 -0.0642238 -3.63496 -0.404647 -1.28438 0.448520 0.460398 -0.586042 0.108627 -1.74885 0.0719414 -0.879034 0.183743 0.336768 0.0220649 1.55973 0.501248 -1.87770 -4.45374 -1.87339 -4.27212 -6.86882 -4.55683 -8.62764 -8.63298 -9.42427 -7.51609 -9.89181 -6.77990 -7.44124 -6.12726 -0.952170 -1.43508 -2.10962 -2.30736 -1.64002 -1.98027 -1.44333 -5.53059 -3.43017 -3.29102 -2.31853 -2.37968 -2.61814 -2.37521 -2.37128 -1.87508 -1.86374 -1.33840 -1.49910 -1.52162 -1.21852 -1.08438 -1.62533 -1.96729 -1.36175 -1.71284 -1.54884 -1.45052 -1.85822 -2.20691 -1.88410 -1.41228 -1.24239 -2.95492 -3.87167 -2.03823 -0.522874 -0.734624 -0.714318 -0.688453 -0.0792900 -3.02820 -1.90902 -1.93172 -2.20322 -1.89935 -2.08087 -2.44016 -2.66279 -2.62124 -1.51244 -1.74557 -2.26746 -2.44197 -1.74729 -1.95891 -2.30213 -3.42134 -3.41109 -2.72092 -2.09623 -2.80739 -3.31948 -3.27854 -3.40428 -1.60843
# init_log_rec_devs:
 1.08142 1.51834 0.370970 -0.864612 -0.671561 -0.509818 -0.376743 -0.547996
# log_rec_devs:
 -0.00579551 0.0214243 1.40679 -0.327698 -0.174480 0.332197 0.387859 0.760539 -0.538470 0.457973 0.916281 0.693636 0.628045 0.0615767 -0.645555 1.73473 -0.736338 -0.552012 0.356708 0.270017 0.195358 0.317161 0.0906014 0.141252 -0.577772 -0.800208 -0.538064 -0.705831 1.54914 0.442292 0.418766 -0.393329 -0.542443 0.462739 -0.281114 0.0414759 1.26484 -0.815175 -1.31043 -0.314886 0.920843 -0.640691 -0.444351 -1.71977 -0.745888 0.518810 0.501934 -0.798702 -0.243389 -1.02235 -0.213702 0.630130 -0.303547 0.573397 -0.456424 0.0314860 -0.766939 0.776002 -0.342232 0.373843 -0.938894 0.352236 -0.532949 0.799356
# log_m_nodes:
 -0.143079 -0.0912991 0.228537 -0.0554735 -0.105897 0.142796 -0.0679820 -0.0570971 0.0391879 0.159202 -0.0310208 -0.108325
# log_age_tau2[1]:
0.325000000000
# log_age_tau2[2]:
0.325000000000
# log_age_tau2[3]:
0.325000000000
# phi1[1]:
0.0100000000000
# phi1[2]:
0.0100000000000
# phi1[3]:
0.0100000000000
# phi2[1]:
0.500000000000
# phi2[2]:
0.500000000000
# phi2[3]:
0.500000000000
# log_degrees_of_freedom[1]:
5.35000000000
# log_degrees_of_freedom[2]:
5.35000000000
# log_degrees_of_freedom[3]:
5.35000000000
# gamma_r:
0.00000000000
