# Number of parameters = 255 Objective function value = -1445.12  Maximum gradient component = 0.000239653
# theta[1]:
 7.32248
# theta[2]:
 0.775457
# theta[3]:
 -0.778256
# theta[4]:
 6.97592
# theta[5]:
 5.65085
# theta[6]:
 0.260300
# theta[7]:
 1.66778
# sel_par[1]:
 0.980624 -1.20466
# sel_par[2]:
 1.06854 -1.08802
# sel_par[3]:
 1.54226 -0.908743
# sel_par[4]:
 0.720276 -2.99573
# sel_par[5]:
 0.720276 -2.99573
# log_ft_pars:
 -0.417348 -0.318995 -2.14289 -0.519849 -0.471171 -0.0387967 0.318635 -0.613760 -0.239512 -0.0687681 -0.200304 -0.0378567 0.0675140 0.0932683 0.0126157 0.228856 0.657955 -2.18149 -4.61941 -4.86468 -3.17416 -2.67954 -2.38002 -4.61573 -5.02889 -2.67181 -2.69680 -1.81869 -1.67788 -3.31942 -2.67166 -2.78943 -4.06726 -3.76845 -4.01684 -4.98773 -5.57249 -4.71065 -4.30190 -5.91705 -5.09552 -4.56512 -5.30684 -4.73233 -5.08828 -5.24128 -5.62704 -4.73631 -4.19204 -4.33936 -4.31344 -4.44881 -3.99260 -4.31758 -3.84176 -3.54721 -4.33971 -3.86435 -4.70298 -4.45769 -4.56503 -2.96008 -2.81273 -2.42446 -2.44591 -2.64762 -2.82947 -1.77134 -3.14916 -4.56711 -4.73998 -5.79506 -2.89253 -2.97288 -5.89876 -3.43583 -2.86129 -1.71252 -2.08752 -2.56331 -5.78685 -2.89337 -3.87893 -3.88827 -4.27671 -3.31461 -3.21793 -3.00079 -3.08147 -2.48637 -2.32594 -2.79949 -2.89893 -2.49626 -2.53195 -2.35154 -2.27964 -2.57225 -2.34890 -1.96990 -2.89551 -2.16561 -2.20776 -2.22945 -3.09246 -2.42461 -2.41565 -2.23642 -2.51093 -2.50963 -4.10154 -1.60195 -1.37625 -0.991997 -1.09512 -1.18355 -1.21834 -1.41323 -2.17665 -1.68638 -1.47080 -0.718013 -0.687399 -1.00600 -0.860553 -1.12854 -1.24405 -1.23680 -1.03281 -1.18209 -1.22068 -1.04056 -1.44275 -1.64429 -1.40394 -1.22777 -1.45265 -1.39107 -1.29634 -1.18527 -1.23629 -1.76492 -1.28633 -1.18805 -1.29237 -1.83737 -1.53215 -1.46128 -1.17525 -1.35570 -1.47490 -1.61663 -1.84721 -1.56222 -1.33654
# init_log_rec_devs:
 1.39036 0.975295 -0.695579 -0.530083 -0.385959 -0.276381 -0.186079 -0.291572
# log_rec_devs:
 0.0395384 0.114359 0.487203 0.289203 -0.348330 -0.706804 -0.571556 0.0648678 0.0207204 -0.539819 0.258543 0.220304 0.539934 -0.129302 -0.442421 -0.205657 -0.275745 -0.957095 -0.0143010 0.0411373 -0.248694 -0.355658 -0.269893 -0.0217518 -0.513537 -0.0176944 -0.251368 -0.904052 -0.348407 -0.569919 -0.524811 -0.723294 -0.892137 -0.306809 0.289559 -0.351451 0.518674 -0.634236 0.316094 -0.234594 0.642762 0.352401 0.654105 -0.144241 0.518917 0.845072 0.834894 -0.0247675 0.323822 0.462271 0.629592 0.664314 0.188866 0.243890 0.159312 0.713893 -0.641752 0.607155 -1.08215 0.708959 0.184141 -0.391523 0.233024 0.257855 0.248611 0.391442 0.578334
# log_m_nodes:
 -0.100254 -0.0558158 0.231262 -0.0393141 -0.101648 0.0984763 -0.0485115 0.0552720 -0.0574062 0.0631469 -0.116379 0.00817624
# log_age_tau2[1]:
0.325000000000
# log_age_tau2[2]:
0.325000000000
# log_age_tau2[3]:
0.325000000000
# phi1[1]:
0.0100000000000
# phi1[2]:
0.0100000000000
# phi1[3]:
0.0100000000000
# phi2[1]:
0.500000000000
# phi2[2]:
0.500000000000
# phi2[3]:
0.500000000000
# log_degrees_of_freedom[1]:
5.35000000000
# log_degrees_of_freedom[2]:
5.35000000000
# log_degrees_of_freedom[3]:
5.35000000000
# gamma_r:
0.00000000000
