# Number of parameters = 202 Objective function value = -935.491  Maximum gradient component = 0.000633949
# theta[1]:
 5.96161
# theta[2]:
 0.826862
# theta[3]:
 -0.805288
# theta[4]:
 5.58829
# theta[5]:
 5.56217
# theta[6]:
 0.219498
# theta[7]:
 1.30951
# sel_par[1]:
 1.04764 -0.879282
# sel_par[2]:
 1.16767 -0.946329
# sel_par[3]:
 1.62772 -0.734328
# sel_par[4]:
 0.720276 -2.99573
# sel_par[5]:
 0.720276 -2.99573
# log_ft_pars:
 -0.404467 -0.0620195 -3.63392 -0.406663 -1.28635 0.448584 0.460739 -0.586360 0.111325 -1.74623 0.0755315 -0.876848 0.180659 0.321511 -0.0132373 1.51369 0.475440 -1.88675 -4.41566 -1.83314 -4.24029 -6.85649 -4.59650 -8.64522 -8.62449 -9.39938 -7.48839 -9.90150 -6.83200 -7.48880 -6.11787 -0.921933 -1.42282 -2.12046 -2.33562 -1.67755 -2.01898 -1.47964 -5.50592 -3.40310 -3.27688 -2.32857 -2.41567 -2.67019 -2.43021 -2.41841 -1.90812 -1.88155 -1.34247 -1.49114 -1.51243 -1.21582 -1.09448 -1.65429 -2.01231 -1.41801 -1.77500 -1.60880 -1.49752 -1.88077 -2.19854 -1.84733 -1.35465 -1.17910 -2.91155 -3.24559 -4.58482 -3.84623 -2.03062 -0.534845 -0.762035 -0.750478 -0.724972 -0.112447 -3.01407 -1.88112 -1.90330 -2.18931 -1.90984 -2.11849 -2.49462 -2.71713 -2.66451 -1.54178 -1.76096 -2.27271 -2.44064 -1.74229 -1.95608 -2.31203 -3.44877 -3.45414 -2.77716 -2.15922 -2.86570 -3.36432 -3.29854 -3.39187 -1.78801
# init_log_rec_devs:
 1.09421 1.52807 0.376332 -0.868447 -0.676394 -0.514863 -0.381284 -0.557617
# log_rec_devs:
 -0.0437865 -0.00932005 1.38258 -0.349591 -0.197800 0.308247 0.364252 0.729642 -0.574024 0.418858 0.872106 0.651913 0.594262 0.0599342 -0.630573 1.74138 -0.625026 -0.520416 0.325754 0.191982 0.0932681 0.229658 0.0310603 0.119647 -0.565830 -0.764429 -0.484042 -0.668379 1.55460 0.406294 0.354602 -0.466268 -0.608811 0.428155 -0.283274 0.0664447 1.30733 -0.786049 -1.30312 -0.328792 0.884470 -0.690383 -0.490979 -1.76126 -0.764513 0.518832 0.517939 -0.750953 -0.190649 -0.972796 -0.172550 0.643474 -0.330408 0.505861 -0.560376 -0.0819499 -0.861938 0.709538 -0.358551 0.394512 -0.731485 0.401651 -0.365055 0.754063 -0.584668 -0.433604 -0.212248 1.09266 0.851395 0.0175387
# log_m_nodes:
 -0.135671 -0.0708514 0.245295 -0.174291 0.0507615 0.0488022 -0.0943678 0.00484713 0.150855 -0.00973942 -0.0657699 0.0493523
# log_age_tau2[1]:
0.325000000000
# log_age_tau2[2]:
0.325000000000
# log_age_tau2[3]:
0.325000000000
# phi1[1]:
0.0100000000000
# phi1[2]:
0.0100000000000
# phi1[3]:
0.0100000000000
# phi2[1]:
0.500000000000
# phi2[2]:
0.500000000000
# phi2[3]:
0.500000000000
# log_degrees_of_freedom[1]:
5.35000000000
# log_degrees_of_freedom[2]:
5.35000000000
# log_degrees_of_freedom[3]:
5.35000000000
# gamma_r:
0.00000000000
