# Number of parameters = 267 Objective function value = -1551.30  Maximum gradient component = 0.000573731
# theta[1]:
 7.39443
# theta[2]:
 0.763170
# theta[3]:
 -0.797847
# theta[4]:
 7.03199
# theta[5]:
 5.59815
# theta[6]:
 0.272560
# theta[7]:
 1.58715
# sel_par[1]:
 0.981107 -1.20305
# sel_par[2]:
 1.07019 -1.08295
# sel_par[3]:
 1.54375 -0.899164
# sel_par[4]:
 0.720276 -2.99573
# sel_par[5]:
 0.720276 -2.99573
# log_ft_pars:
 -0.404654 -0.309772 -2.13792 -0.522533 -0.477739 -0.0457748 0.311186 -0.622864 -0.245202 -0.0740014 -0.208805 -0.0519734 0.0462390 0.0637795 -0.0213965 0.203449 0.663069 -2.20417 -4.60610 -4.82653 -3.13426 -2.65566 -2.38356 -4.64930 -5.08090 -2.72764 -2.74220 -1.83980 -1.66334 -3.26674 -2.59318 -2.69915 -3.98260 -3.71385 -4.01752 -5.04664 -5.67814 -4.83643 -4.41281 -5.99274 -5.12335 -4.54630 -5.25481 -4.67010 -5.04654 -5.24137 -5.68125 -4.83803 -4.31802 -4.46578 -4.41186 -4.49743 -3.98439 -4.25911 -3.75017 -3.44772 -4.27001 -3.85782 -4.76092 -4.57609 -4.71614 -3.10294 -2.92360 -2.48065 -2.45775 -2.55526 -2.53574 -2.71333 -2.54543 -3.94097 -1.74520 -3.15043 -4.59792 -4.78898 -5.84855 -2.93537 -2.99151 -5.84475 -3.35644 -2.77085 -1.62548 -2.03104 -2.56174 -5.84258 -2.99528 -4.00090 -3.99669 -4.30273 -3.29363 -3.16511 -2.93734 -3.03845 -2.48384 -2.37594 -2.89757 -3.02218 -2.61946 -2.62776 -2.39837 -2.27016 -2.51373 -2.25764 -1.87057 -2.82349 -2.15648 -2.26238 -2.34425 -3.23189 -2.53378 -2.46946 -2.24054 -2.41929 -2.22342 -3.22131 -2.49580 -3.91593 -4.07416 -1.60105 -1.40224 -1.03696 -1.14449 -1.22273 -1.23556 -1.39366 -2.12207 -1.60968 -1.38591 -0.636390 -0.627392 -1.00496 -0.954979 -1.24402 -1.34982 -1.30296 -1.05822 -1.16172 -1.17085 -0.982979 -1.40089 -1.64323 -1.45616 -1.32396 -1.57184 -1.50780 -1.39003 -1.23248 -1.22732 -1.70606 -1.19861 -1.09278 -1.22361 -1.82854 -1.58997 -1.57953 -1.31774 -1.49533 -1.57793 -1.67252 -1.82877 -1.44335 -1.07841 -0.917080 -1.07608 -1.03118
# init_log_rec_devs:
 1.42223 0.998624 -0.695191 -0.535655 -0.394657 -0.287895 -0.195471 -0.311987
# log_rec_devs:
 -0.0315045 0.0537340 0.441459 0.247348 -0.393123 -0.756170 -0.613090 0.0179006 -0.0289423 -0.587114 0.217695 0.183206 0.517076 -0.135548 -0.429192 -0.220615 -0.192790 -0.933785 -0.0552729 -0.0426292 -0.352200 -0.447040 -0.325324 -0.0394555 -0.500957 0.00371114 -0.237879 -0.922790 -0.411450 -0.683354 -0.686618 -0.916871 -1.08206 -0.460304 0.207825 -0.348477 0.588926 -0.530989 0.414375 -0.176713 0.641179 0.284455 0.534898 -0.281053 0.393847 0.772148 0.831372 0.0378360 0.430015 0.577024 0.715023 0.691238 0.136873 0.117915 -0.0195044 0.516611 -0.798496 0.508734 -1.06954 0.791678 0.314557 -0.254621 0.321643 0.380478 0.234717 0.152828 0.208039 0.294161 1.22223 0.962712
# log_m_nodes:
 -0.0904430 -0.0468914 0.246316 -0.107201 -0.0313525 0.0471257 -0.00515581 0.0122457 -0.0131514 0.00341773 -0.0412802 0.217692
# log_age_tau2[1]:
0.325000000000
# log_age_tau2[2]:
0.325000000000
# log_age_tau2[3]:
0.325000000000
# phi1[1]:
0.0100000000000
# phi1[2]:
0.0100000000000
# phi1[3]:
0.0100000000000
# phi2[1]:
0.500000000000
# phi2[2]:
0.500000000000
# phi2[3]:
0.500000000000
# log_degrees_of_freedom[1]:
5.35000000000
# log_degrees_of_freedom[2]:
5.35000000000
# log_degrees_of_freedom[3]:
5.35000000000
# gamma_r:
0.00000000000
