# Number of parameters = 228 Objective function value = -1291.63  Maximum gradient component = 0.000643204
# theta[1]:
 7.16570
# theta[2]:
 0.778792
# theta[3]:
 -0.803119
# theta[4]:
 6.77487
# theta[5]:
 5.54911
# theta[6]:
 0.216281
# theta[7]:
 1.54220
# sel_par[1]:
 0.971402 -1.24211
# sel_par[2]:
 1.04427 -1.12373
# sel_par[3]:
 1.53439 -0.917024
# sel_par[4]:
 0.720276 -2.99573
# sel_par[5]:
 0.720276 -2.99573
# log_ft_pars:
 -0.360778 -0.230333 -2.05147 -0.446637 -0.409081 0.0140574 0.375858 -0.534405 -0.184807 -0.0111719 -0.119264 0.0448276 0.163155 0.194092 0.116819 0.331758 0.718465 -2.07522 -4.51923 -4.77746 -3.06904 -2.53790 -2.20604 -4.43789 -4.87574 -2.54160 -2.58599 -1.71117 -1.55771 -3.19504 -2.54339 -2.65397 -3.91638 -3.59988 -3.85759 -4.87073 -5.48421 -4.64688 -4.23960 -5.85761 -5.02468 -4.49089 -5.22808 -4.65784 -5.01570 -5.17289 -5.55742 -4.66435 -4.11749 -4.26513 -4.23843 -4.37837 -3.92856 -4.26072 -3.79181 -3.49707 -4.30029 -3.84263 -4.77075 -4.49806 -1.66170 -3.00911 -4.42360 -4.61820 -5.68830 -2.81021 -2.88796 -5.79656 -3.32776 -2.74847 -1.58233 -1.94660 -2.44522 -5.70931 -2.83534 -3.85028 -3.84871 -4.23333 -3.27533 -3.16791 -2.95406 -3.03021 -2.45098 -2.29175 -2.75725 -2.84484 -2.44981 -2.48969 -2.31354 -2.24432 -2.53716 -2.32231 -1.94797 -2.89031 -2.16174 -2.30443 -2.31290 -4.00524 -1.47409 -1.24676 -0.885506 -1.00874 -1.10719 -1.14225 -1.32123 -2.07345 -1.58334 -1.36878 -0.603944 -0.551596 -0.879219 -0.824495 -1.09909 -1.22255 -1.21395 -1.00550 -1.14534 -1.18295 -1.00504 -1.40899 -1.61301 -1.37374 -1.19607 -1.41520 -1.34912 -1.25669 -1.15186 -1.20699 -1.74149 -1.26382 -1.16862 -1.28350 -1.85535 -1.59224 -1.61255
# init_log_rec_devs:
 1.41930 0.998890 -0.700159 -0.536419 -0.394693 -0.284885 -0.193145 -0.308892
# log_rec_devs:
 0.148471 0.164368 0.544919 0.351286 -0.265132 -0.603936 -0.518912 0.155354 0.115816 -0.464725 0.329284 0.275579 0.561838 -0.142612 -0.478944 -0.157066 -0.354478 -0.999487 0.0504920 0.123965 -0.204240 -0.371423 -0.347793 -0.100608 -0.571613 -0.0392591 -0.253058 -0.894700 -0.339182 -0.563936 -0.537091 -0.770288 -0.970526 -0.382392 0.239317 -0.352591 0.559563 -0.564558 0.392424 -0.161098 0.710736 0.413251 0.709125 -0.0890662 0.582475 0.912138 0.903395 0.0431168 0.385175 0.520493 0.690523 0.730704 0.267871 0.330510 0.251699 0.810253 -0.582480 0.825618 -1.75964 0.741081
# log_m_nodes:
 -0.160487 -0.0761795 0.195342 0.130391 -0.183015 0.0425307 0.0447324 -0.0236995 0.0506192 -0.0648869 0.0689559 -0.102208
# log_age_tau2[1]:
0.325000000000
# log_age_tau2[2]:
0.325000000000
# log_age_tau2[3]:
0.325000000000
# phi1[1]:
0.0100000000000
# phi1[2]:
0.0100000000000
# phi1[3]:
0.0100000000000
# phi2[1]:
0.500000000000
# phi2[2]:
0.500000000000
# phi2[3]:
0.500000000000
# log_degrees_of_freedom[1]:
5.35000000000
# log_degrees_of_freedom[2]:
5.35000000000
# log_degrees_of_freedom[3]:
5.35000000000
# gamma_r:
0.00000000000
