# Number of parameters = 201 Objective function value = -936.357  Maximum gradient component = 0.000512849
# theta[1]:
 5.96154
# theta[2]:
 0.825964
# theta[3]:
 -0.804742
# theta[4]:
 5.58574
# theta[5]:
 5.56313
# theta[6]:
 0.218637
# theta[7]:
 1.30322
# sel_par[1]:
 1.04773 -0.879049
# sel_par[2]:
 1.16754 -0.947111
# sel_par[3]:
 1.62771 -0.734378
# sel_par[4]:
 0.720276 -2.99573
# sel_par[5]:
 0.720276 -2.99573
# log_ft_pars:
 -0.404116 -0.0611471 -3.63266 -0.405223 -1.28522 0.449620 0.462126 -0.585561 0.111056 -1.74766 0.0727808 -0.880319 0.177353 0.319260 -0.0107719 1.51794 0.481098 -1.87862 -4.41615 -1.83778 -4.24763 -6.86413 -4.59180 -8.63944 -8.62398 -9.40511 -7.49912 -9.91197 -6.82895 -7.47437 -6.11649 -0.929252 -1.43048 -2.12634 -2.33829 -1.67661 -2.01470 -1.47252 -5.51190 -3.41388 -3.28945 -2.33908 -2.42066 -2.66747 -2.42034 -2.40454 -1.89414 -1.87010 -1.33528 -1.48992 -1.51727 -1.22624 -1.11005 -1.67153 -2.02649 -1.42603 -1.77372 -1.59689 -1.47553 -1.85300 -2.17396 -1.83352 -1.35576 -1.19656 -2.93860 -3.25684 -4.61007 -3.85404 -2.03813 -0.540530 -0.764715 -0.749682 -0.721289 -0.105795 -3.01404 -1.88715 -1.91391 -2.20165 -1.92026 -2.12343 -2.49178 -2.70739 -2.65092 -1.52759 -1.74947 -2.26597 -2.43961 -1.74724 -1.96638 -2.32709 -3.46546 -3.46720 -2.78385 -2.15738 -2.85344 -3.34206 -3.27065 -3.36681 -1.78031
# init_log_rec_devs:
 1.09337 1.52758 0.375985 -0.868274 -0.676136 -0.514561 -0.380972 -0.556991
# log_rec_devs:
 -0.0416052 -0.00779780 1.38382 -0.349080 -0.197457 0.308599 0.364528 0.730732 -0.571421 0.423399 0.879114 0.660370 0.604550 0.0679997 -0.628824 1.74578 -0.640928 -0.532216 0.317396 0.191650 0.101345 0.243406 0.0456465 0.131312 -0.560549 -0.764748 -0.490546 -0.676287 1.54865 0.406546 0.362258 -0.451787 -0.590894 0.445760 -0.272160 0.0681079 1.29933 -0.801997 -1.32125 -0.344470 0.874974 -0.690310 -0.481350 -1.74275 -0.740012 0.545001 0.540799 -0.736221 -0.187231 -0.983928 -0.194596 0.613003 -0.361221 0.484008 -0.562510 -0.0650253 -0.832007 0.741558 -0.338309 0.397196 -0.748885 0.373104 -0.392542 0.738138 -0.579817 -0.409715 -0.178867 1.13406 0.697171
# log_m_nodes:
 -0.136019 -0.0752318 0.247431 -0.161438 0.0271437 0.0698350 -0.100150 -0.00144589 0.134493 0.0309774 -0.0913934 0.0954461
# log_age_tau2[1]:
0.325000000000
# log_age_tau2[2]:
0.325000000000
# log_age_tau2[3]:
0.325000000000
# phi1[1]:
0.0100000000000
# phi1[2]:
0.0100000000000
# phi1[3]:
0.0100000000000
# phi2[1]:
0.500000000000
# phi2[2]:
0.500000000000
# phi2[3]:
0.500000000000
# log_degrees_of_freedom[1]:
5.35000000000
# log_degrees_of_freedom[2]:
5.35000000000
# log_degrees_of_freedom[3]:
5.35000000000
# gamma_r:
0.00000000000
