# Number of parameters = 201 Objective function value = -941.124  Maximum gradient component = 8.02147e-005
# theta[1]:
 5.96163
# theta[2]:
 0.824451
# theta[3]:
 -0.805028
# theta[4]:
 5.58509
# theta[5]:
 5.56218
# theta[6]:
 0.220912
# theta[7]:
 1.30226
# sel_par[1]:
 1.04810 -0.878246
# sel_par[2]:
 1.17054 -0.943340
# sel_par[3]:
 1.62811 -0.734199
# sel_par[4]:
 0.720276 -2.99573
# sel_par[5]:
 0.720276 -2.99573
# log_ft_pars:
 -0.403401 -0.0604582 -3.63204 -0.404640 -1.28513 0.449645 0.462049 -0.586036 0.110613 -1.74851 0.0721565 -0.880721 0.177011 0.317981 -0.0158343 1.51714 0.483994 -1.87770 -4.41847 -1.84052 -4.25059 -6.86780 -4.59733 -8.64954 -8.63403 -9.41390 -7.50625 -9.91620 -6.83290 -7.47944 -6.12166 -0.927564 -1.42916 -2.12635 -2.33892 -1.67853 -2.01766 -1.47698 -5.51675 -3.41874 -3.29331 -2.34157 -2.42087 -2.66812 -2.42062 -2.40314 -1.89668 -1.87425 -1.33800 -1.48906 -1.51929 -1.22904 -1.11290 -1.67270 -2.02434 -1.42351 -1.77175 -1.59304 -1.46962 -1.84452 -2.16366 -1.82492 -1.34514 -1.18549 -2.92544 -3.25467 -4.55599 -3.85551 -2.03925 -0.542157 -0.766934 -0.752443 -0.724659 -0.111036 -3.01910 -1.89193 -1.91865 -2.20593 -1.92350 -2.12559 -2.49282 -2.70814 -2.65190 -1.52926 -1.75266 -2.27019 -2.44305 -1.74975 -1.96892 -2.32980 -3.46716 -3.46722 -2.78220 -2.15500 -2.84973 -3.33617 -3.26234 -3.35687 -1.85787
# init_log_rec_devs:
 1.09390 1.52815 0.376199 -0.868541 -0.676393 -0.514796 -0.381116 -0.557401
# log_rec_devs:
 -0.0413015 -0.00709650 1.38484 -0.348000 -0.196436 0.309961 0.366625 0.732639 -0.569410 0.425359 0.880903 0.661653 0.605900 0.0718368 -0.623185 1.74206 -0.641758 -0.531620 0.319765 0.194336 0.105082 0.250577 0.0530263 0.140385 -0.551109 -0.752044 -0.474795 -0.660599 1.56592 0.421511 0.375589 -0.440472 -0.581827 0.457009 -0.262653 0.0774458 1.31034 -0.793528 -1.31352 -0.335307 0.884801 -0.681509 -0.471337 -1.73485 -0.728295 0.556115 0.548393 -0.729200 -0.182747 -0.982165 -0.190511 0.615602 -0.361467 0.484019 -0.564661 -0.0659806 -0.832648 0.733032 -0.314330 0.400597 -0.730869 0.351736 -0.519338 0.618947 -0.617585 -0.432984 -0.192465 1.13357 0.678015
# log_m_nodes:
 -0.135911 -0.0747443 0.246295 -0.160191 0.0278460 0.0690141 -0.0996016 -0.000818410 0.132979 0.0308328 -0.0964643 0.0995742
# log_age_tau2[1]:
0.325000000000
# log_age_tau2[2]:
0.325000000000
# log_age_tau2[3]:
0.325000000000
# phi1[1]:
0.0100000000000
# phi1[2]:
0.0100000000000
# phi1[3]:
0.0100000000000
# phi2[1]:
0.500000000000
# phi2[2]:
0.500000000000
# phi2[3]:
0.500000000000
# log_degrees_of_freedom[1]:
5.35000000000
# log_degrees_of_freedom[2]:
5.35000000000
# log_degrees_of_freedom[3]:
5.35000000000
# gamma_r:
0.00000000000
