# Number of parameters = 237 Objective function value = -884.290  Maximum gradient component = 0.000218368
# theta[1]:
 5.74627
# theta[2]:
 0.723801
# theta[3]:
 -0.846794
# theta[4]:
 5.33229
# theta[5]:
 5.52839
# theta[6]:
 0.286456
# theta[7]:
 1.29307
# sel_par[1]:
 1.60136 0.0954682
# sel_par[2]:
 1.19227 -0.878195
# sel_par[3]:
 1.73488 -0.629783
# sel_par[4]:
 0.720276 -2.99573
# sel_par[5]:
 0.720276 -2.99573
# log_ft_pars:
 0.669454 1.20685 -1.90617 0.791120 0.551806 -0.0424457 1.23790 -0.632677 -0.369489 -0.167898 0.437490 -0.244937 0.0479313 -0.0976011 0.446061 -0.0519989 -0.198905 -1.09942 -1.45630 -0.435978 -1.92106 -3.34789 -3.78493 -4.02787 -3.09700 -2.63876 -0.772157 -1.23012 -2.20696 -1.60662 -1.81512 -4.63867 -4.33501 -4.12906 -5.15321 -5.44901 -5.42488 -5.92927 -6.71680 -4.72213 -7.55219 -9.52588 -9.39602 -7.80433 -6.94143 -4.05307 -3.11032 -3.35847 -3.04671 -1.16052 -2.09519 -2.00619 -2.44562 -1.87505 -1.11571 -1.82611 -2.06085 -1.99989 -2.83772 -4.82990 -2.93417 -2.51852 -2.37653 -2.80212 -2.21071 -2.08298 -2.47276 -2.94956 -3.18860 -2.60191 -2.28993 -3.35623 -4.56066 -2.79277 -3.01520 -2.29239 -2.75591 -2.47384 -2.26771 -2.66658 -3.46996 -3.11300 -3.48658 -2.95385 -3.57589 -3.13741 -3.12333 -3.11462 -3.20150 -2.76380 -6.48483 -0.819449 -5.90211 -3.27434 -1.64661 -0.550198 -0.997173 -1.07609 -2.24069 -1.73063 -1.11335 -1.06159 -1.19844 -0.942876 -0.643776 -1.40394 -1.49820 -0.832572 -0.627920 -1.31952 -2.02130 -1.12813 -0.134650 -0.523207 -1.45754 -0.974121 -1.43899 -0.972171 -0.848999 -0.942924 -1.00006 -1.22136 -1.54572 -1.36760 -1.34225 -1.70440 -1.46194 -1.63904 -1.46326 -1.61230 -1.70008 -1.22191 -1.16562 -2.47118
# init_log_rec_devs:
 1.27470 1.74956 0.583759 0.195793 -1.11588 -0.926125 -0.733909 -1.02790
# log_rec_devs:
 0.581122 0.258759 0.902328 -0.469122 0.306217 -0.291400 0.197825 0.926137 -0.224684 1.67751 1.11108 0.412018 1.60206 0.176680 -0.541765 -0.914344 -0.288802 -0.678958 -0.0518140 0.0130463 -0.927207 0.0205096 0.0166565 -0.380094 -1.11447 -0.755541 -1.37250 -1.40743 0.269662 -0.472033 -0.423804 -0.0404162 0.928114 -0.0673834 -0.281888 0.690552 0.447519 0.0447539 -0.647187 0.761092 0.586291 -0.283368 -1.08073 -0.548103 0.647087 -0.125634 0.289225 -0.853377 -0.0579326 0.387204 -0.0651439 0.986446 -0.788116 -0.182900 -0.324852 0.645576 -0.300953 -0.316714 0.163501 0.377724 -0.223840 0.166154 -0.842001 0.813631 0.0364695 -0.613327 0.445736 0.738043 0.364040 -0.0329308
# log_m_nodes:
 -0.263052 -0.0149151 0.237476 -0.0952623 -0.0668145 0.0717749 -0.00249620 -0.00346593 0.0482706 -0.0168355 0.0247333 -0.0447999
# log_age_tau2[1]:
0.325000000000
# log_age_tau2[2]:
0.325000000000
# log_age_tau2[3]:
0.325000000000
# phi1[1]:
0.0100000000000
# phi1[2]:
0.0100000000000
# phi1[3]:
0.0100000000000
# phi2[1]:
0.500000000000
# phi2[2]:
0.500000000000
# phi2[3]:
0.500000000000
# log_degrees_of_freedom[1]:
5.35000000000
# log_degrees_of_freedom[2]:
5.35000000000
# log_degrees_of_freedom[3]:
5.35000000000
# gamma_r:
0.00000000000
