# Number of parameters = 221 Objective function value = -815.240  Maximum gradient component = 3.00823e-005
# theta[1]:
 5.71561
# theta[2]:
 0.714516
# theta[3]:
 -0.868853
# theta[4]:
 5.26730
# theta[5]:
 5.45056
# theta[6]:
 0.279812
# theta[7]:
 1.24486
# sel_par[1]:
 1.60797 0.0860853
# sel_par[2]:
 1.19369 -0.864096
# sel_par[3]:
 1.72750 -0.642787
# sel_par[4]:
 0.720276 -2.99573
# sel_par[5]:
 0.720276 -2.99573
# log_ft_pars:
 0.711515 1.26070 -1.85080 0.844055 0.603572 -0.00117558 1.28496 -0.576312 -0.327523 -0.142261 0.442038 -0.258326 0.0176740 -0.139308 0.392209 -0.103486 -0.229698 -1.09551 -1.41821 -0.406320 -1.91534 -3.36242 -3.80727 -4.04866 -3.10851 -2.64157 -0.764682 -1.19256 -2.14076 -1.52504 -1.73728 -4.59585 -4.31146 -4.12288 -5.15602 -5.44988 -5.41403 -5.89746 -6.66339 -4.65128 -7.47402 -9.45364 -9.35268 -7.75315 -6.88519 -4.27789 -1.17519 -2.13307 -2.04685 -2.47666 -1.89586 -1.12918 -1.82730 -2.04260 -1.95110 -2.77167 -4.76794 -2.90663 -2.50819 -2.38504 -2.81985 -2.22324 -2.08249 -2.45464 -2.91034 -3.12973 -2.53496 -2.22806 -3.30821 -4.54367 -2.77808 -2.99501 -2.26601 -2.72008 -2.43108 -2.22280 -2.61642 -3.43017 -3.08456 -3.46131 -2.93643 -3.60211 -3.30335 -3.46782 -6.51921 -0.895728 -5.97803 -3.33190 -1.68354 -0.574724 -1.00925 -1.06873 -2.21257 -1.71997 -1.12151 -1.09400 -1.23804 -0.977436 -0.673985 -1.41696 -1.48814 -0.806068 -0.596542 -1.28905 -1.99463 -1.11232 -0.132146 -0.537293 -1.47374 -0.985193 -1.44382 -0.970487 -0.846110 -0.934685 -0.990167 -1.20360 -1.52254 -1.35317 -1.34983 -1.73862 -1.52814 -1.74831 -1.63764 -1.90163
# init_log_rec_devs:
 1.31429 1.80593 0.626540 0.210180 -1.14670 -0.959750 -0.767858 -1.08263
# log_rec_devs:
 0.612396 0.283381 0.951788 -0.444468 0.329778 -0.283276 0.229309 0.973257 -0.176444 1.76421 1.21770 0.545868 1.79860 0.357347 -0.403686 -0.916231 -0.245777 -0.668629 -0.0834337 0.0422313 -0.851105 0.0974221 0.102670 -0.275098 -0.993014 -0.661081 -1.29630 -1.37149 0.275394 -0.477606 -0.433982 -0.0424704 0.934572 -0.0307335 -0.214758 0.760661 0.524940 0.126666 -0.591452 0.789252 0.574399 -0.303186 -1.10325 -0.581368 0.621972 -0.133880 0.299957 -0.821611 -0.0259608 0.422187 -0.0359877 1.00051 -0.781518 -0.200194 -0.344843 0.640685 -0.309914 -0.366854 0.0821525 0.300919 -0.348300 0.585886 -0.537562 -0.890638
# log_m_nodes:
 -0.272793 -0.0537939 0.275988 -0.0440783 -0.0961778 0.00287234 0.0785531 -0.0493019 0.0371783 0.0315264 -0.0355353 -0.0324375
# log_age_tau2[1]:
0.325000000000
# log_age_tau2[2]:
0.325000000000
# log_age_tau2[3]:
0.325000000000
# phi1[1]:
0.0100000000000
# phi1[2]:
0.0100000000000
# phi1[3]:
0.0100000000000
# phi2[1]:
0.500000000000
# phi2[2]:
0.500000000000
# phi2[3]:
0.500000000000
# log_degrees_of_freedom[1]:
5.35000000000
# log_degrees_of_freedom[2]:
5.35000000000
# log_degrees_of_freedom[3]:
5.35000000000
# gamma_r:
0.00000000000
