# Number of parameters = 208 Objective function value = -738.675  Maximum gradient component = 3.27147e-005
# theta[1]:
 5.71602
# theta[2]:
 0.722387
# theta[3]:
 -0.870346
# theta[4]:
 5.26395
# theta[5]:
 5.44723
# theta[6]:
 0.276048
# theta[7]:
 1.23390
# sel_par[1]:
 1.65449 0.145829
# sel_par[2]:
 1.22375 -0.741955
# sel_par[3]:
 1.71006 -0.670277
# sel_par[4]:
 0.720276 -2.99573
# sel_par[5]:
 0.720276 -2.99573
# log_ft_pars:
 0.811393 1.36337 -1.75752 0.937969 0.704819 0.0970466 1.38321 -0.485035 -0.237077 -0.0531578 0.527183 -0.171020 0.106290 -0.0537872 0.483583 -0.0124636 -0.169120 -1.06435 -1.37052 -0.329122 -1.81628 -3.25230 -3.69455 -3.92878 -2.99867 -2.54473 -0.672437 -1.10841 -2.06436 -1.44695 -1.66203 -4.52972 -4.23032 -4.02768 -5.05494 -5.34259 -5.29766 -5.78718 -6.56966 -4.56488 -7.38351 -9.36491 -9.25421 -7.65727 -6.79960 -1.12420 -2.07519 -1.97554 -2.41281 -1.84894 -1.08849 -1.78093 -2.01669 -1.90784 -2.72351 -4.75088 -2.87637 -2.46139 -2.34791 -2.76447 -2.14367 -2.00254 -2.39447 -2.85822 -3.07035 -2.48514 -2.19712 -3.28712 -4.46877 -2.71724 -2.92368 -2.20410 -2.65795 -2.38249 -2.21724 -2.62877 -3.44511 -3.11818 -3.52156 -6.54686 -0.901677 -5.99258 -3.35818 -1.70974 -0.591657 -1.03843 -1.11855 -2.27390 -1.76472 -1.16237 -1.14214 -1.27096 -0.993677 -0.698309 -1.44602 -1.51623 -0.840089 -0.657015 -1.34820 -2.02647 -1.12929 -0.157729 -0.579472 -1.50030 -1.00127 -1.45646 -0.990138 -0.890422 -0.995913 -1.08121 -1.30537 -1.64160 -1.50297 -1.53555 -1.94331
# init_log_rec_devs:
 1.31851 1.79777 0.643176 0.214844 -1.14604 -0.963068 -0.773646 -1.09154
# log_rec_devs:
 0.615289 0.271531 0.938213 -0.448579 0.315342 -0.282676 0.231086 0.964123 -0.160496 1.76660 1.21748 0.540956 1.77697 0.333964 -0.434318 -0.935939 -0.270307 -0.668574 -0.0782266 0.0997662 -0.794480 0.131922 0.147166 -0.244958 -1.02340 -0.681517 -1.29364 -1.36938 0.252063 -0.438523 -0.390537 -0.0104050 0.959103 0.00787212 -0.228622 0.717564 0.441988 0.0602623 -0.667141 0.739657 0.508390 -0.303902 -1.07202 -0.584455 0.589746 -0.176330 0.245879 -0.865207 -0.103156 0.354352 -0.0955276 0.942996 -0.806425 -0.212644 -0.464451 0.671347 -0.530663 -0.461040 0.224894 0.0310148
# log_m_nodes:
 -0.283068 -0.0791088 0.271546 0.0334374 -0.120785 -0.0376171 0.0835062 -0.0117798 -0.0138413 0.0457181 0.00209537 -0.0641110
# log_age_tau2[1]:
0.325000000000
# log_age_tau2[2]:
0.325000000000
# log_age_tau2[3]:
0.325000000000
# phi1[1]:
0.0100000000000
# phi1[2]:
0.0100000000000
# phi1[3]:
0.0100000000000
# phi2[1]:
0.500000000000
# phi2[2]:
0.500000000000
# phi2[3]:
0.500000000000
# log_degrees_of_freedom[1]:
5.35000000000
# log_degrees_of_freedom[2]:
5.35000000000
# log_degrees_of_freedom[3]:
5.35000000000
# gamma_r:
0.00000000000
