# Number of parameters = 225 Objective function value = -814.325  Maximum gradient component = 0.000299078
# theta[1]:
 5.75884
# theta[2]:
 0.725312
# theta[3]:
 -0.832472
# theta[4]:
 5.33008
# theta[5]:
 5.56532
# theta[6]:
 0.272902
# theta[7]:
 1.26692
# sel_par[1]:
 1.57092 0.0466628
# sel_par[2]:
 1.20138 -0.841812
# sel_par[3]:
 1.73287 -0.635310
# sel_par[4]:
 0.720276 -2.99573
# sel_par[5]:
 0.720276 -2.99573
# log_ft_pars:
 0.604188 1.13678 -1.96861 0.732559 0.490665 -0.100372 1.18080 -0.685626 -0.424259 -0.225424 0.379543 -0.308518 -0.0139286 -0.146587 0.411616 -0.0621572 -0.166138 -1.04618 -1.46796 -0.486133 -2.00031 -3.44219 -3.88675 -4.12964 -3.18299 -2.70688 -0.830799 -1.27456 -2.23679 -1.63320 -1.84121 -4.67147 -4.38612 -4.19511 -5.22436 -5.52222 -5.49717 -5.98532 -6.75020 -4.74184 -7.56949 -9.54083 -9.43121 -7.83785 -6.97470 -4.05378 -3.09992 -1.17580 -2.12814 -2.04243 -2.47821 -1.89954 -1.13131 -1.83190 -2.05614 -1.96923 -2.79449 -4.79104 -2.90959 -2.50696 -2.38575 -2.82039 -2.22853 -2.09619 -2.47488 -2.93000 -3.14765 -2.55390 -2.24703 -3.32484 -4.56219 -2.79539 -3.00732 -2.27695 -2.72755 -2.44156 -2.24236 -2.64668 -3.46955 -3.13017 -3.50999 -2.96502 -3.56729 -3.12659 -3.11009 -2.99410 -6.51778 -0.876164 -5.95459 -3.31232 -1.67169 -0.567620 -1.00606 -1.06939 -2.22007 -1.72345 -1.11789 -1.08094 -1.22739 -0.973074 -0.671275 -1.41916 -1.49508 -0.813903 -0.599542 -1.29016 -1.99796 -1.11615 -0.134185 -0.535492 -1.47383 -0.987690 -1.44593 -0.969766 -0.840722 -0.931035 -0.989140 -1.21531 -1.54759 -1.38245 -1.37325 -1.74848 -1.51387 -1.68846 -1.48670 -1.58204 -1.60793
# init_log_rec_devs:
 1.25423 1.73806 0.558286 0.184170 -1.10658 -0.911973 -0.717500 -0.998694
# log_rec_devs:
 0.599571 0.285582 0.923685 -0.456189 0.324345 -0.288551 0.192618 0.930573 -0.227340 1.68779 1.13435 0.439773 1.63872 0.194007 -0.533597 -0.922522 -0.341771 -0.743488 -0.116954 -0.0206687 -0.918785 0.0575773 0.0783349 -0.307319 -1.04695 -0.689562 -1.32142 -1.38087 0.270655 -0.485690 -0.449391 -0.0736311 0.899551 -0.0731243 -0.272453 0.721983 0.491861 0.0967645 -0.611456 0.777247 0.566451 -0.316084 -1.12234 -0.592662 0.607416 -0.145021 0.288468 -0.838380 -0.0411593 0.406922 -0.0597589 0.977211 -0.804634 -0.213763 -0.350112 0.633838 -0.306503 -0.294550 0.168523 0.348513 -0.363667 0.345600 -0.829268 0.443624 1.02808
# log_m_nodes:
 -0.250694 -0.0565688 0.252901 -0.0422782 -0.0905134 0.0153458 0.0658879 -0.0476274 0.0477360 0.0148582 -0.00278443 0.0815839
# log_age_tau2[1]:
0.325000000000
# log_age_tau2[2]:
0.325000000000
# log_age_tau2[3]:
0.325000000000
# phi1[1]:
0.0100000000000
# phi1[2]:
0.0100000000000
# phi1[3]:
0.0100000000000
# phi2[1]:
0.500000000000
# phi2[2]:
0.500000000000
# phi2[3]:
0.500000000000
# log_degrees_of_freedom[1]:
5.35000000000
# log_degrees_of_freedom[2]:
5.35000000000
# log_degrees_of_freedom[3]:
5.35000000000
# gamma_r:
0.00000000000
