# Number of parameters = 235 Objective function value = -1315.28  Maximum gradient component = 0.00204119
# theta[1]:
 7.24702
# theta[2]:
 0.776896
# theta[3]:
 -0.783792
# theta[4]:
 6.89393
# theta[5]:
 5.61482
# theta[6]:
 0.244462
# theta[7]:
 1.61595
# sel_par[1]:
 0.980137 -1.21964
# sel_par[2]:
 1.06110 -1.09802
# sel_par[3]:
 1.53600 -0.918551
# sel_par[4]:
 0.720276 -2.99573
# sel_par[5]:
 0.720276 -2.99573
# log_ft_pars:
 -0.387552 -0.276720 -2.10233 -0.489300 -0.446357 -0.0190762 0.338984 -0.584566 -0.220427 -0.0492277 -0.167268 8.97473e-005 0.116303 0.149687 0.0708392 0.276100 0.672736 -2.14465 -4.60395 -4.84828 -3.13379 -2.60436 -2.27830 -4.51149 -4.94847 -2.62154 -2.67757 -1.82577 -1.69777 -3.33344 -2.66254 -2.74916 -3.99117 -3.66196 -3.90639 -4.91421 -5.54023 -4.71600 -4.32200 -5.93670 -5.09290 -4.53547 -5.24905 -4.65849 -5.01559 -5.18438 -5.59767 -4.73518 -4.20747 -4.35615 -4.31671 -4.43344 -3.96138 -4.27938 -3.80836 -3.52562 -4.33534 -3.86038 -4.67023 -4.34084 -4.37181 -2.71573 -1.70989 -3.06156 -4.47803 -4.67230 -5.75478 -2.88473 -2.98832 -5.92175 -3.43497 -2.83040 -1.64655 -1.99412 -2.47220 -5.73004 -2.87477 -3.89806 -3.91823 -4.28625 -3.29957 -3.17299 -2.93883 -3.01862 -2.44448 -2.31114 -2.81001 -2.92270 -2.52481 -2.54966 -2.35044 -2.26072 -2.54352 -2.32550 -1.96080 -2.90490 -2.17031 -2.18878 -2.12601 -2.84644 -4.05516 -1.52681 -1.30066 -0.940148 -1.07265 -1.18572 -1.24432 -1.45483 -2.20888 -1.69566 -1.45251 -0.668679 -0.608352 -0.923820 -0.864828 -1.15924 -1.29200 -1.27790 -1.05501 -1.17859 -1.19283 -0.998478 -1.39872 -1.61655 -1.40241 -1.25505 -1.49505 -1.43103 -1.32579 -1.20037 -1.23491 -1.75420 -1.27612 -1.19015 -1.31245 -1.86368 -1.52700 -1.38426 -0.974070 -1.01183
# init_log_rec_devs:
 1.40003 0.982014 -0.698743 -0.532671 -0.388777 -0.278525 -0.187846 -0.295480
# log_rec_devs:
 0.0879374 0.142354 0.519652 0.319940 -0.305659 -0.652986 -0.536465 0.121727 0.0787401 -0.490343 0.304316 0.253976 0.547534 -0.147732 -0.471660 -0.194820 -0.340993 -0.926761 0.0551833 0.118720 -0.204635 -0.359654 -0.322568 -0.0830255 -0.550515 -0.0183985 -0.207322 -0.824134 -0.252900 -0.473851 -0.457452 -0.710334 -0.929225 -0.381338 0.216909 -0.383816 0.540594 -0.562842 0.414797 -0.133795 0.724354 0.397076 0.656651 -0.165424 0.490187 0.835946 0.861178 0.0404126 0.411840 0.555476 0.710578 0.722365 0.225098 0.268400 0.183091 0.751649 -0.587191 0.676101 -1.16549 0.712256 0.266155 -0.369869
# log_m_nodes:
 -0.123230 -0.0614283 0.195221 0.0769937 -0.175459 0.0899037 -0.00934117 0.0145829 0.00637987 -0.0257187 0.0575009 -0.101547
# log_age_tau2[1]:
0.325000000000
# log_age_tau2[2]:
0.325000000000
# log_age_tau2[3]:
0.325000000000
# phi1[1]:
0.0100000000000
# phi1[2]:
0.0100000000000
# phi1[3]:
0.0100000000000
# phi2[1]:
0.500000000000
# phi2[2]:
0.500000000000
# phi2[3]:
0.500000000000
# log_degrees_of_freedom[1]:
5.35000000000
# log_degrees_of_freedom[2]:
5.35000000000
# log_degrees_of_freedom[3]:
5.35000000000
# gamma_r:
0.00000000000
