# Number of parameters = 192 Objective function value = -860.578  Maximum gradient component = 9.88948e-005
# theta[1]:
 5.92101
# theta[2]:
 0.819535
# theta[3]:
 -0.798195
# theta[4]:
 5.53308
# theta[5]:
 5.57860
# theta[6]:
 0.197426
# theta[7]:
 1.30786
# sel_par[1]:
 1.04609 -0.878802
# sel_par[2]:
 1.17245 -0.935404
# sel_par[3]:
 1.61994 -0.760253
# sel_par[4]:
 0.720276 -2.99573
# sel_par[5]:
 0.720276 -2.99573
# log_ft_pars:
 -0.406225 -0.0605225 -3.63143 -0.401199 -1.28224 0.449037 0.461280 -0.584353 0.111237 -1.74529 0.0770819 -0.872271 0.191280 0.345374 0.0262291 1.56781 0.506984 -1.87821 -4.45756 -1.87431 -4.26879 -6.86117 -4.55686 -8.63148 -8.63715 -9.42655 -7.51667 -9.89249 -6.78443 -7.44149 -6.11369 -0.938648 -1.41769 -2.09112 -2.29140 -1.62935 -1.97541 -1.44037 -5.52403 -3.42554 -3.28693 -2.31556 -2.37567 -2.61600 -2.37292 -2.36011 -1.86387 -1.85193 -1.32093 -1.47384 -1.50296 -1.20548 -1.07614 -1.62105 -1.96054 -1.35757 -1.71297 -1.54608 -1.44138 -1.84052 -2.18033 -1.86093 -1.39044 -1.22316 -2.92859 -3.88279 -2.04256 -0.527485 -0.743850 -0.725628 -0.703798 -0.0974403 -3.04452 -1.92444 -1.95867 -2.21769 -1.90862 -2.08850 -2.45030 -2.67999 -2.63312 -1.52338 -1.76096 -2.26578 -2.42946 -1.74480 -1.97365 -2.31243 -3.43247 -3.42225 -2.73671 -2.12181 -2.82822 -3.32538 -3.27498 -3.39320
# init_log_rec_devs:
 1.08207 1.51924 0.371576 -0.864760 -0.671781 -0.510158 -0.377164 -0.549032
# log_rec_devs:
 0.00879464 0.0329485 1.41697 -0.316485 -0.161462 0.346353 0.402417 0.775693 -0.524615 0.470702 0.926846 0.701034 0.631057 0.0602835 -0.641118 1.73213 -0.755592 -0.547426 0.380329 0.301886 0.227504 0.337583 0.108926 0.154632 -0.558354 -0.786623 -0.527556 -0.691888 1.57453 0.469838 0.448636 -0.365906 -0.513828 0.486674 -0.256716 0.0665262 1.28836 -0.793868 -1.29275 -0.303528 0.927766 -0.639497 -0.449386 -1.71934 -0.741514 0.530973 0.525273 -0.779646 -0.219603 -0.997617 -0.198733 0.641906 -0.296804 0.577469 -0.450462 0.0404770 -0.751996 0.807792 -0.381489 0.379024 -0.774289 0.342488 -0.685736
# log_m_nodes:
 -0.147693 -0.0929555 0.218831 -0.0262276 -0.128975 0.144406 -0.0470869 -0.0760794 0.0315840 0.151548 0.0112448 -0.211866
# log_age_tau2[1]:
0.325000000000
# log_age_tau2[2]:
0.325000000000
# log_age_tau2[3]:
0.325000000000
# phi1[1]:
0.0100000000000
# phi1[2]:
0.0100000000000
# phi1[3]:
0.0100000000000
# phi2[1]:
0.500000000000
# phi2[2]:
0.500000000000
# phi2[3]:
0.500000000000
# log_degrees_of_freedom[1]:
5.35000000000
# log_degrees_of_freedom[2]:
5.35000000000
# log_degrees_of_freedom[3]:
5.35000000000
# gamma_r:
0.00000000000
