# Number of parameters = 247 Objective function value = -1392.32  Maximum gradient component = 7.48053e-005
# theta[1]:
 7.28783
# theta[2]:
 0.777120
# theta[3]:
 -0.763947
# theta[4]:
 6.93720
# theta[5]:
 5.68536
# theta[6]:
 0.238858
# theta[7]:
 1.68140
# sel_par[1]:
 0.973789 -1.23503
# sel_par[2]:
 1.06064 -1.11197
# sel_par[3]:
 1.54249 -0.905433
# sel_par[4]:
 0.720276 -2.99573
# sel_par[5]:
 0.720276 -2.99573
# log_ft_pars:
 -0.430753 -0.328520 -2.14763 -0.521510 -0.469815 -0.0349857 0.321399 -0.604711 -0.239636 -0.0673695 -0.188552 -0.0270640 0.0851864 0.111786 0.0352977 0.252335 0.653261 -2.17886 -4.62447 -4.87841 -3.17522 -2.65550 -2.33516 -4.56170 -4.98267 -2.63874 -2.68920 -1.83678 -1.71803 -3.37405 -2.72032 -2.82066 -4.06757 -3.73009 -3.94859 -4.91932 -5.51333 -4.68192 -4.29551 -5.93920 -5.12454 -4.59516 -5.31305 -4.71016 -5.03424 -5.17210 -5.55926 -4.68793 -4.17323 -4.35662 -4.35807 -4.50711 -4.04808 -4.35047 -3.84582 -3.51888 -4.29517 -3.81109 -4.66570 -4.43216 -4.57488 -2.99657 -2.86954 -2.50887 -2.51605 -1.75189 -3.10870 -4.51772 -4.69847 -5.76567 -2.88846 -2.99366 -5.95585 -3.48682 -2.89504 -1.71697 -2.05385 -2.50130 -5.72441 -2.83925 -3.85504 -3.88528 -4.30902 -3.34883 -3.22840 -2.98276 -3.03139 -2.42253 -2.26352 -2.75531 -2.88296 -2.51632 -2.58017 -2.41370 -2.33910 -2.60858 -2.35660 -1.94646 -2.85584 -2.11596 -2.17481 -2.20751 -3.13129 -2.48580 -2.50827 -2.32241 -4.06946 -1.55067 -1.31651 -0.940638 -1.05939 -1.16809 -1.22849 -1.44906 -2.22580 -1.73065 -1.49597 -0.716124 -0.648710 -0.934460 -0.805630 -1.09343 -1.23581 -1.24836 -1.05573 -1.20159 -1.22226 -1.01427 -1.38936 -1.57598 -1.33549 -1.17514 -1.42995 -1.40134 -1.33385 -1.23525 -1.28424 -1.79387 -1.28696 -1.15970 -1.24253 -1.78427 -1.49000 -1.43804 -1.17227 -1.37695 -1.52601 -1.72512 -2.01638
# init_log_rec_devs:
 1.36547 0.958716 -0.694880 -0.525473 -0.379561 -0.268311 -0.179024 -0.276936
# log_rec_devs:
 0.0861805 0.143788 0.512834 0.310475 -0.320808 -0.671338 -0.560527 0.0905338 0.0484307 -0.519610 0.274613 0.230620 0.538981 -0.142884 -0.472087 -0.202697 -0.319444 -0.956403 0.0201366 0.0887851 -0.217574 -0.352584 -0.295819 -0.0696232 -0.553635 -0.0409153 -0.239877 -0.858647 -0.277737 -0.477915 -0.430771 -0.651030 -0.860189 -0.325357 0.232747 -0.421828 0.458893 -0.658753 0.327811 -0.188157 0.707903 0.415727 0.693347 -0.141666 0.482663 0.779903 0.764100 -0.0721735 0.314616 0.498208 0.704895 0.761935 0.285008 0.318383 0.195083 0.707517 -0.677165 0.559010 -1.11682 0.697872 0.232322 -0.355524 0.290371 0.117281 0.558592
# log_m_nodes:
 -0.110528 -0.0617326 0.217838 0.0108361 -0.145386 0.119119 -0.0571915 0.0604443 -0.0553455 0.0554577 -0.0771819 -0.133139
# log_age_tau2[1]:
0.325000000000
# log_age_tau2[2]:
0.325000000000
# log_age_tau2[3]:
0.325000000000
# phi1[1]:
0.0100000000000
# phi1[2]:
0.0100000000000
# phi1[3]:
0.0100000000000
# phi2[1]:
0.500000000000
# phi2[2]:
0.500000000000
# phi2[3]:
0.500000000000
# log_degrees_of_freedom[1]:
5.35000000000
# log_degrees_of_freedom[2]:
5.35000000000
# log_degrees_of_freedom[3]:
5.35000000000
# gamma_r:
0.00000000000
