# Number of parameters = 251 Objective function value = -1421.62  Maximum gradient component = 0.000167638
# theta[1]:
 7.33721
# theta[2]:
 0.773898
# theta[3]:
 -0.762760
# theta[4]:
 6.98584
# theta[5]:
 5.69459
# theta[6]:
 0.247747
# theta[7]:
 1.66455
# sel_par[1]:
 0.979229 -1.21679
# sel_par[2]:
 1.06619 -1.10226
# sel_par[3]:
 1.54363 -0.902092
# sel_par[4]:
 0.720276 -2.99573
# sel_par[5]:
 0.720276 -2.99573
# log_ft_pars:
 -0.434450 -0.339630 -2.16179 -0.534376 -0.482178 -0.0468159 0.309252 -0.621776 -0.249565 -0.0787245 -0.205843 -0.0428233 0.0662213 0.0931204 0.0147302 0.229853 0.642697 -2.19466 -4.63949 -4.88864 -3.19104 -2.68414 -2.37450 -4.60471 -5.02036 -2.66974 -2.70855 -1.84637 -1.72061 -3.37124 -2.72075 -2.82993 -4.09340 -3.77491 -4.00418 -4.96794 -5.55129 -4.70125 -4.30431 -5.93566 -5.12198 -4.59634 -5.32982 -4.74227 -5.07991 -5.22009 -5.60117 -4.71545 -4.18358 -4.34911 -4.34043 -4.48787 -4.03576 -4.35340 -3.86486 -3.55443 -4.33605 -3.85180 -4.69345 -4.45026 -4.57065 -2.96996 -2.81706 -2.42523 -2.43015 -2.71416 -1.77808 -3.14550 -4.55784 -4.73356 -5.79440 -2.90560 -3.00178 -5.95150 -3.48579 -2.90257 -1.74046 -2.09572 -2.55262 -5.76938 -2.87411 -3.87169 -3.89194 -4.30419 -3.34739 -3.24249 -3.01243 -3.07471 -2.46719 -2.30244 -2.78065 -2.89179 -2.50696 -2.56010 -2.39193 -2.32443 -2.60942 -2.37332 -1.97883 -2.89391 -2.15471 -2.20015 -2.22339 -3.10412 -2.43177 -2.41969 -2.22673 -2.56414 -4.10113 -1.59269 -1.36089 -0.978631 -1.08815 -1.18757 -1.23905 -1.45091 -2.22315 -1.73044 -1.50434 -0.738829 -0.690966 -0.989891 -0.837246 -1.11297 -1.24231 -1.24635 -1.05324 -1.20497 -1.23819 -1.04392 -1.43090 -1.61991 -1.37498 -1.20189 -1.43878 -1.39423 -1.31673 -1.21647 -1.27198 -1.79458 -1.30328 -1.19122 -1.28267 -1.82078 -1.51633 -1.45192 -1.17129 -1.35817 -1.47948 -1.62793 -1.86241 -1.59146
# init_log_rec_devs:
 1.36842 0.959259 -0.694717 -0.525922 -0.379994 -0.269216 -0.179853 -0.277972
# log_rec_devs:
 0.0540682 0.129256 0.499297 0.296548 -0.340414 -0.696967 -0.568417 0.0734679 0.0288893 -0.534778 0.261966 0.220626 0.534919 -0.140699 -0.461569 -0.213788 -0.306137 -0.951987 -0.000929538 0.0570782 -0.241279 -0.359996 -0.285188 -0.0484751 -0.536358 -0.0320920 -0.247575 -0.880710 -0.307786 -0.517263 -0.467779 -0.670920 -0.859865 -0.300445 0.270520 -0.387404 0.478413 -0.660729 0.306183 -0.224190 0.666432 0.381125 0.677074 -0.138384 0.504351 0.810445 0.789682 -0.0660965 0.298499 0.459794 0.650729 0.702538 0.233321 0.284229 0.185242 0.718668 -0.656398 0.581059 -1.11166 0.691250 0.180521 -0.420894 0.216648 0.168586 0.261474 0.964273
# log_m_nodes:
 -0.0969643 -0.0576642 0.219690 -0.0163997 -0.122345 0.110770 -0.0564565 0.0603383 -0.0590725 0.0627048 -0.0985429 -0.0788154
# log_age_tau2[1]:
0.325000000000
# log_age_tau2[2]:
0.325000000000
# log_age_tau2[3]:
0.325000000000
# phi1[1]:
0.0100000000000
# phi1[2]:
0.0100000000000
# phi1[3]:
0.0100000000000
# phi2[1]:
0.500000000000
# phi2[2]:
0.500000000000
# phi2[3]:
0.500000000000
# log_degrees_of_freedom[1]:
5.35000000000
# log_degrees_of_freedom[2]:
5.35000000000
# log_degrees_of_freedom[3]:
5.35000000000
# gamma_r:
0.00000000000
