# Number of parameters = 185 Objective function value = -734.188  Maximum gradient component = 3.88972e-005
# theta[1]:
 6.31281
# theta[2]:
 0.730817
# theta[3]:
 -0.537680
# theta[4]:
 5.91103
# theta[5]:
 5.57480
# theta[6]:
 0.273666
# theta[7]:
 1.47725
# sel_par[1]:
 0.967786 -1.48193
# sel_par[2]:
 1.08846 -1.15872
# sel_par[3]:
 1.56647 -0.768102
# sel_par[4]:
 0.720276 -2.99573
# sel_par[5]:
 0.720276 -2.99573
# log_ft_pars:
 -0.629052 0.116319 -6.99010 0.175215 -1.33167 -0.536749 -2.77347 -4.52985 0.312368 0.695598 0.399694 -0.276291 -0.410512 -0.426356 -0.351673 0.0561782 0.429996 -11.5224 -7.77989 -3.01771 -6.38470 -27.7958 -10.2588 -10.0051 -10.7596 -11.0358 -10.6498 -9.06181 -10.3399 -2.00811 -1.25000 -1.62563 -1.57431 -1.26693 -1.29839 -2.27679 -1.48028 -3.29798 -2.30547 -2.82766 -1.58998 -1.52008 -5.31992 -5.50753 -1.28594 -1.94615 -1.77462 -1.79492 -1.75868 -2.58584 -2.04944 -1.95595 -2.79462 -3.54388 -1.72213 -1.83360 -1.99835 -3.14388 -3.98653 -2.17806 -1.26626 -0.718656 -2.57465 -1.76785 -1.30864 -0.692476 -0.898738 -0.467128 -0.907162 -2.18987 -1.91754 -1.78714 -1.86372 -2.50857 -1.90317 -2.49028 -1.64915 -2.48104 -2.13969 -3.32023 -3.15063 -1.84209 -2.44599 -2.75562 -2.96812 -1.90828 -1.99848 -0.909730
# init_log_rec_devs:
 0.554729 1.36073 -0.715961 -0.474296 -0.301146 -0.172500 -0.104721 -0.146835
# log_rec_devs:
 0.195989 0.125265 0.752836 -0.0120431 0.321834 0.521810 0.351825 0.943909 0.628820 0.179421 0.860429 0.0667881 0.700593 -0.269038 -1.10147 0.183616 -0.0797266 -1.00960 0.155842 0.654515 0.424531 0.378260 0.525053 0.807358 -0.0492625 -0.378461 0.209277 -0.733215 0.309354 0.113048 -0.248608 -0.342991 0.203036 0.891131 0.930289 -0.208047 1.24803 -0.372034 -0.202872 -0.605892 0.426454 0.0355132 -0.171881 -0.842236 -0.478213 1.00875 -0.00558770 -0.571902 -0.416278 0.0525175 0.419185 0.469302 -0.281601 -0.147167 -0.557705 -0.136772 -1.02097 -0.442544 -1.03892 -0.0372790 -1.36496 -1.18334 -0.228857 -0.555097
# log_m_nodes:
 -0.0482207 -0.0714904 0.138742 -0.0706544 -0.151386 0.237188 -0.105905 0.0446376 0.0212424 0.109192 -0.104283 -0.119699
# log_age_tau2[1]:
0.325000000000
# log_age_tau2[2]:
0.325000000000
# log_age_tau2[3]:
0.325000000000
# phi1[1]:
0.0100000000000
# phi1[2]:
0.0100000000000
# phi1[3]:
0.0100000000000
# phi2[1]:
0.500000000000
# phi2[2]:
0.500000000000
# phi2[3]:
0.500000000000
# log_degrees_of_freedom[1]:
5.35000000000
# log_degrees_of_freedom[2]:
5.35000000000
# log_degrees_of_freedom[3]:
5.35000000000
# gamma_r:
0.00000000000
