# Number of parameters = 251 Objective function value = -1421.62  Maximum gradient component = 0.000136960
# theta[1]:
 7.33720
# theta[2]:
 0.773896
# theta[3]:
 -0.762760
# theta[4]:
 6.98585
# theta[5]:
 5.69459
# theta[6]:
 0.247747
# theta[7]:
 1.66455
# sel_par[1]:
 0.979229 -1.21679
# sel_par[2]:
 1.06619 -1.10226
# sel_par[3]:
 1.54363 -0.902092
# sel_par[4]:
 0.720276 -2.99573
# sel_par[5]:
 0.720276 -2.99573
# log_ft_pars:
 -0.434451 -0.339631 -2.16179 -0.534377 -0.482179 -0.0468168 0.309251 -0.621778 -0.249566 -0.0787257 -0.205845 -0.0428250 0.0662193 0.0931184 0.0147283 0.229852 0.642699 -2.19466 -4.63949 -4.88865 -3.19105 -2.68414 -2.37450 -4.60471 -5.02036 -2.66975 -2.70855 -1.84637 -1.72061 -3.37124 -2.72076 -2.82993 -4.09340 -3.77491 -4.00418 -4.96794 -5.55129 -4.70125 -4.30431 -5.93566 -5.12198 -4.59634 -5.32982 -4.74227 -5.07991 -5.22009 -5.60117 -4.71545 -4.18358 -4.34911 -4.34043 -4.48787 -4.03576 -4.35340 -3.86486 -3.55443 -4.33605 -3.85180 -4.69345 -4.45026 -4.57065 -2.96996 -2.81706 -2.42523 -2.43015 -2.71416 -1.77808 -3.14550 -4.55784 -4.73356 -5.79440 -2.90560 -3.00179 -5.95150 -3.48579 -2.90257 -1.74046 -2.09572 -2.55262 -5.76938 -2.87411 -3.87169 -3.89194 -4.30419 -3.34739 -3.24249 -3.01243 -3.07471 -2.46719 -2.30244 -2.78065 -2.89179 -2.50696 -2.56010 -2.39193 -2.32443 -2.60942 -2.37332 -1.97883 -2.89391 -2.15471 -2.20016 -2.22339 -3.10412 -2.43177 -2.41969 -2.22673 -2.56413 -4.10113 -1.59269 -1.36089 -0.978634 -1.08815 -1.18758 -1.23905 -1.45092 -2.22316 -1.73044 -1.50434 -0.738830 -0.690968 -0.989893 -0.837247 -1.11297 -1.24231 -1.24635 -1.05324 -1.20497 -1.23819 -1.04392 -1.43090 -1.61991 -1.37498 -1.20189 -1.43878 -1.39423 -1.31673 -1.21647 -1.27198 -1.79458 -1.30328 -1.19122 -1.28267 -1.82078 -1.51633 -1.45192 -1.17129 -1.35817 -1.47948 -1.62793 -1.86241 -1.59146
# init_log_rec_devs:
 1.36841 0.959259 -0.694717 -0.525922 -0.379994 -0.269216 -0.179853 -0.277972
# log_rec_devs:
 0.0540675 0.129256 0.499297 0.296548 -0.340415 -0.696968 -0.568417 0.0734677 0.0288893 -0.534778 0.261966 0.220626 0.534920 -0.140697 -0.461567 -0.213789 -0.306132 -0.951970 -0.000921088 0.0570840 -0.241275 -0.359994 -0.285186 -0.0484732 -0.536356 -0.0320908 -0.247573 -0.880709 -0.307785 -0.517261 -0.467778 -0.670919 -0.859865 -0.300444 0.270520 -0.387404 0.478413 -0.660730 0.306182 -0.224192 0.666430 0.381123 0.677071 -0.138387 0.504348 0.810442 0.789679 -0.0660991 0.298496 0.459791 0.650726 0.702536 0.233318 0.284227 0.185240 0.718666 -0.656400 0.581057 -1.11166 0.691249 0.180520 -0.420895 0.216647 0.168584 0.261472 0.964271
# log_m_nodes:
 -0.0969635 -0.0576641 0.219690 -0.0164000 -0.122345 0.110770 -0.0564566 0.0603382 -0.0590725 0.0627048 -0.0985427 -0.0788156
# log_age_tau2[1]:
0.325000000000
# log_age_tau2[2]:
0.325000000000
# log_age_tau2[3]:
0.325000000000
# phi1[1]:
0.0100000000000
# phi1[2]:
0.0100000000000
# phi1[3]:
0.0100000000000
# phi2[1]:
0.500000000000
# phi2[2]:
0.500000000000
# phi2[3]:
0.500000000000
# log_degrees_of_freedom[1]:
5.35000000000
# log_degrees_of_freedom[2]:
5.35000000000
# log_degrees_of_freedom[3]:
5.35000000000
# gamma_r:
0.00000000000
