# Number of parameters = 196 Objective function value = -891.402  Maximum gradient component = 0.000158543
# theta[1]:
 5.92784
# theta[2]:
 0.825164
# theta[3]:
 -0.800066
# theta[4]:
 5.54463
# theta[5]:
 5.57419
# theta[6]:
 0.201918
# theta[7]:
 1.32033
# sel_par[1]:
 1.04623 -0.879423
# sel_par[2]:
 1.16975 -0.940063
# sel_par[3]:
 1.62775 -0.734294
# sel_par[4]:
 0.720276 -2.99573
# sel_par[5]:
 0.720276 -2.99573
# log_ft_pars:
 -0.405906 -0.0606902 -3.63127 -0.401085 -1.28140 0.451032 0.464989 -0.580655 0.114541 -1.74378 0.0755883 -0.876878 0.183518 0.334982 0.0236238 1.55477 0.500775 -1.86799 -4.43971 -1.86341 -4.26738 -6.87002 -4.55973 -8.62573 -8.63063 -9.42202 -7.51499 -9.89197 -6.77537 -7.43548 -6.13556 -0.943313 -1.43162 -2.11111 -2.31061 -1.64305 -1.98091 -1.43928 -5.52390 -3.42680 -3.28947 -2.31744 -2.37503 -2.61046 -2.36566 -2.35948 -1.86826 -1.86322 -1.34175 -1.50186 -1.52805 -1.22760 -1.09308 -1.63044 -1.96399 -1.35044 -1.69685 -1.53005 -1.43204 -1.84576 -2.20350 -1.89307 -1.42748 -1.25583 -2.95270 -3.34746 -3.86998 -2.04006 -0.527787 -0.740462 -0.719349 -0.690619 -0.0763543 -3.02054 -1.90390 -1.92830 -2.20256 -1.89946 -2.07947 -2.43540 -2.65461 -2.61283 -1.50611 -1.74334 -2.27192 -2.45153 -1.75786 -1.96774 -2.31008 -3.42548 -3.40907 -2.71195 -2.08069 -2.78800 -3.30075 -3.26577 -3.40254 -1.86516
# init_log_rec_devs:
 1.08518 1.52144 0.372834 -0.865610 -0.672904 -0.511353 -0.378312 -0.551284
# log_rec_devs:
 -0.00250183 0.0236186 1.40841 -0.325137 -0.171581 0.334137 0.387817 0.758873 -0.540524 0.456492 0.916117 0.696537 0.635742 0.0718138 -0.636563 1.75446 -0.726701 -0.551594 0.343047 0.252220 0.179705 0.313477 0.0959233 0.154034 -0.562032 -0.783700 -0.518833 -0.690785 1.55920 0.445756 0.420128 -0.390054 -0.540191 0.469995 -0.276142 0.0444031 1.26768 -0.816439 -1.31211 -0.310258 0.930162 -0.625948 -0.421110 -1.69612 -0.716384 0.541470 0.510428 -0.793914 -0.249770 -1.03503 -0.222566 0.624757 -0.296364 0.595527 -0.420788 0.0702263 -0.739311 0.766122 -0.348116 0.326364 -0.867297 0.315686 -0.705943 0.551163 0.0723037
# log_m_nodes:
 -0.144277 -0.0908099 0.239437 -0.0820158 -0.0787983 0.136063 -0.0855372 -0.0386817 0.0493073 0.160107 -0.0874665 -0.170835
# log_age_tau2[1]:
0.325000000000
# log_age_tau2[2]:
0.325000000000
# log_age_tau2[3]:
0.325000000000
# phi1[1]:
0.0100000000000
# phi1[2]:
0.0100000000000
# phi1[3]:
0.0100000000000
# phi2[1]:
0.500000000000
# phi2[2]:
0.500000000000
# phi2[3]:
0.500000000000
# log_degrees_of_freedom[1]:
5.35000000000
# log_degrees_of_freedom[2]:
5.35000000000
# log_degrees_of_freedom[3]:
5.35000000000
# gamma_r:
0.00000000000
