# Number of parameters = 208 Objective function value = -738.675  Maximum gradient component = 0.000933984
# theta[1]:
 5.71611
# theta[2]:
 0.722387
# theta[3]:
 -0.870345
# theta[4]:
 5.26395
# theta[5]:
 5.44724
# theta[6]:
 0.276050
# theta[7]:
 1.23390
# sel_par[1]:
 1.65449 0.145829
# sel_par[2]:
 1.22375 -0.741955
# sel_par[3]:
 1.71006 -0.670277
# sel_par[4]:
 0.720276 -2.99573
# sel_par[5]:
 0.720276 -2.99573
# log_ft_pars:
 0.811396 1.36337 -1.75752 0.937971 0.704820 0.0970471 1.38320 -0.485039 -0.237081 -0.0531624 0.527178 -0.171027 0.106283 -0.0537943 0.483575 -0.0124703 -0.169123 -1.06434 -1.37050 -0.329103 -1.81626 -3.25227 -3.69453 -3.92876 -2.99866 -2.54472 -0.672427 -1.10840 -2.06435 -1.44694 -1.66203 -4.52972 -4.23032 -4.02768 -5.05494 -5.34259 -5.29766 -5.78719 -6.56966 -4.56488 -7.38351 -9.36491 -9.25421 -7.65727 -6.79960 -1.12418 -2.07517 -1.97551 -2.41279 -1.84892 -1.08848 -1.78092 -2.01668 -1.90784 -2.72351 -4.75088 -2.87638 -2.46139 -2.34792 -2.76447 -2.14368 -2.00254 -2.39447 -2.85822 -3.07035 -2.48514 -2.19712 -3.28712 -4.46877 -2.71724 -2.92368 -2.20410 -2.65794 -2.38248 -2.21724 -2.62877 -3.44511 -3.11818 -3.52156 -6.54684 -0.901654 -5.99256 -3.35817 -1.70973 -0.591649 -1.03842 -1.11855 -2.27390 -1.76472 -1.16237 -1.14215 -1.27096 -0.993681 -0.698313 -1.44602 -1.51623 -0.840091 -0.657017 -1.34820 -2.02647 -1.12929 -0.157729 -0.579472 -1.50030 -1.00127 -1.45646 -0.990137 -0.890420 -0.995911 -1.08120 -1.30537 -1.64159 -1.50297 -1.53554 -1.94331
# init_log_rec_devs:
 1.31851 1.79777 0.643177 0.214843 -1.14604 -0.963068 -0.773646 -1.09154
# log_rec_devs:
 0.615292 0.271535 0.938219 -0.448576 0.315349 -0.282669 0.231095 0.964134 -0.160489 1.76661 1.21749 0.540978 1.77700 0.333990 -0.434291 -0.935901 -0.270289 -0.668573 -0.0782379 0.0997455 -0.794511 0.131888 0.147131 -0.244990 -1.02343 -0.681542 -1.29366 -1.36939 0.252049 -0.438534 -0.390543 -0.0104069 0.959104 0.00787726 -0.228614 0.717574 0.441999 0.0602731 -0.667130 0.739665 0.508397 -0.303896 -1.07202 -0.584452 0.589749 -0.176329 0.245881 -0.865206 -0.103155 0.354353 -0.0955277 0.942995 -0.806428 -0.212648 -0.464455 0.671343 -0.530667 -0.461046 0.224891 0.0309974
# log_m_nodes:
 -0.283066 -0.0791073 0.271547 0.0334343 -0.120791 -0.0376142 0.0835095 -0.0117795 -0.0138422 0.0457183 0.00209449 -0.0641114
# log_age_tau2[1]:
0.325000000000
# log_age_tau2[2]:
0.325000000000
# log_age_tau2[3]:
0.325000000000
# phi1[1]:
0.0100000000000
# phi1[2]:
0.0100000000000
# phi1[3]:
0.0100000000000
# phi2[1]:
0.500000000000
# phi2[2]:
0.500000000000
# phi2[3]:
0.500000000000
# log_degrees_of_freedom[1]:
5.35000000000
# log_degrees_of_freedom[2]:
5.35000000000
# log_degrees_of_freedom[3]:
5.35000000000
# gamma_r:
0.00000000000
