# Number of parameters = 178 Objective function value = -484.133  Maximum gradient component = 4.14768e-005
# theta[1]:
 5.65803
# theta[2]:
 0.805936
# theta[3]:
 -0.975327
# theta[4]:
 5.22186
# theta[5]:
 3.50871
# theta[6]:
 0.261668
# theta[7]:
 1.02055
# sel_par[1]:
 1.30956 -0.331936
# sel_par[2]:
 1.40265 -0.425530
# sel_par[3]:
 1.66981 -0.670289
# sel_par[4]:
 0.720276 -2.99573
# sel_par[5]:
 0.720276 -2.99573
# log_ft_pars:
 -0.935185 0.422292 -2.62839 -4.50786 0.862582 1.19479 1.21746 0.327466 -3.34934 -1.23275 -0.636551 0.668159 2.39048 0.178884 -2.61282 -3.71650 -4.26603 -2.74892 -7.39079 -4.34972 -7.03494 -5.85514 -6.84521 -7.77534 -6.40567 -5.81525 -6.60552 -6.61291 -6.64066 -6.48555 -7.99450 -9.67381 -1.16307 -0.586246 -1.06956 -1.12550 -0.766402 -0.657004 -0.506932 -0.841043 -2.15711 -2.12734 -2.81331 -2.10853 -1.95474 -1.81674 -2.32621 -2.35603 -2.77286 -1.34064 -1.28533 -1.48741 -1.14257 -3.00985 -1.72813 -1.10619 -0.959368 -1.37976 -3.84532 -4.50341 -1.94277 -2.11863 -1.27148 -1.08783 -1.63776 -1.69883 -2.54822 -3.38067 -3.65176 -2.38567 -2.79699 -2.12610 -2.71803 -25.2411 -1.56018
# init_log_rec_devs:
 1.25203 1.67432 0.406393 0.474599 -1.08387 -0.894057 -0.724566 -1.10485
# log_rec_devs:
 -0.469469 0.175528 1.84709 -0.0546820 -0.164333 0.0279863 -0.206950 0.554411 -0.462346 0.710756 1.14309 0.952275 0.519520 0.0199434 1.32730 -0.669883 -0.849714 -0.507595 -0.400498 0.127165 0.294273 0.653505 0.526066 0.507018 -0.581115 -0.550933 -0.313625 -0.990949 1.64595 -0.0916506 -0.887934 -1.01514 1.01613 0.389693 -0.833286 -0.497919 1.39869 0.683110 -0.0601496 -0.850358 0.593658 -1.70046 -1.90430 -0.799001 0.407176 0.539489 1.41686 -1.28347 -0.176355 -0.156395 -0.110932 0.799087 -0.677906 0.437657 -0.817171 0.458846 -0.968165 0.548083 -1.14336 0.239997 -0.157423 1.23197 -0.761858 -0.304840 -0.675078 0.0412196 0.389807 -1.14112 1.66278 -0.0497772
# log_m_nodes:
 -0.128567 0.0760090 0.140348 -0.166104 -0.0227916 0.104518 0.0128750 0.0626487 0.0230812 -0.0678058 0.0730340 -0.0806884
# log_age_tau2[1]:
0.325000000000
# log_age_tau2[2]:
0.325000000000
# log_age_tau2[3]:
0.325000000000
# phi1[1]:
0.0100000000000
# phi1[2]:
0.0100000000000
# phi1[3]:
0.0100000000000
# phi2[1]:
0.500000000000
# phi2[2]:
0.500000000000
# phi2[3]:
0.500000000000
# log_degrees_of_freedom[1]:
5.35000000000
# log_degrees_of_freedom[2]:
5.35000000000
# log_degrees_of_freedom[3]:
5.35000000000
# gamma_r:
0.00000000000
