# Number of parameters = 200 Objective function value = -933.171  Maximum gradient component = 7.10722e-005
# theta[1]:
 5.91578
# theta[2]:
 0.826647
# theta[3]:
 -0.805906
# theta[4]:
 5.54643
# theta[5]:
 5.55819
# theta[6]:
 0.207966
# theta[7]:
 1.33204
# sel_par[1]:
 1.04605 -0.879321
# sel_par[2]:
 1.17076 -0.929937
# sel_par[3]:
 1.62808 -0.732220
# sel_par[4]:
 0.720276 -2.99573
# sel_par[5]:
 0.720276 -2.99573
# log_ft_pars:
 -0.401642 -0.0554675 -3.62622 -0.397608 -1.27833 0.454094 0.470376 -0.573994 0.123149 -1.73518 0.0832661 -0.871102 0.184980 0.332069 0.0206738 1.53384 0.485687 -1.86446 -4.40818 -1.83301 -4.24356 -6.85811 -4.57125 -8.61535 -8.60865 -9.39463 -7.49117 -9.89596 -6.79630 -7.44105 -6.11300 -0.919002 -1.41854 -2.11122 -2.32031 -1.65636 -1.99164 -1.44063 -5.49445 -3.40231 -3.27694 -2.32129 -2.39153 -2.63028 -2.38139 -2.36339 -1.86071 -1.84901 -1.32244 -1.47869 -1.51133 -1.22497 -1.10749 -1.66426 -2.00732 -1.39433 -1.73481 -1.55437 -1.43427 -1.82336 -2.16053 -1.84279 -1.38257 -1.22949 -2.95598 -3.36276 -4.70746 -3.85222 -2.03285 -0.531349 -0.752162 -0.734700 -0.703073 -0.0788477 -2.99577 -1.87603 -1.90507 -2.19176 -1.90445 -2.09855 -2.45965 -2.67222 -2.61827 -1.49965 -1.72880 -2.25459 -2.43600 -1.74773 -1.96712 -2.32573 -3.45826 -3.45209 -2.75856 -2.12146 -2.81200 -3.30223 -3.24243 -3.35967 -1.85284
# init_log_rec_devs:
 1.09351 1.52795 0.376748 -0.867787 -0.675889 -0.514677 -0.381673 -0.558183
# log_rec_devs:
 -0.0113873 0.0147688 1.40105 -0.330808 -0.176981 0.328336 0.379053 0.746213 -0.556097 0.439845 0.898390 0.682289 0.627610 0.0749879 -0.631302 1.78436 -0.669007 -0.530808 0.324990 0.208548 0.124144 0.267581 0.0693395 0.147617 -0.549900 -0.765477 -0.493398 -0.676756 1.55424 0.418326 0.380503 -0.427411 -0.568638 0.461674 -0.267388 0.0635517 1.28923 -0.812794 -1.32779 -0.338984 0.889621 -0.666240 -0.448082 -1.70499 -0.698099 0.577545 0.558335 -0.729278 -0.193406 -0.997754 -0.209836 0.606273 -0.342672 0.529273 -0.487244 0.0228100 -0.754152 0.785465 -0.338070 0.372617 -0.779615 0.364379 -0.361580 0.864339 -0.593290 -0.197531 -0.247783 0.627246
# log_m_nodes:
 -0.144322 -0.0830633 0.255916 -0.148841 0.00351157 0.0907212 -0.105617 -0.00474344 0.110468 0.0797936 -0.121927 0.209579
# log_age_tau2[1]:
0.325000000000
# log_age_tau2[2]:
0.325000000000
# log_age_tau2[3]:
0.325000000000
# phi1[1]:
0.0100000000000
# phi1[2]:
0.0100000000000
# phi1[3]:
0.0100000000000
# phi2[1]:
0.500000000000
# phi2[2]:
0.500000000000
# phi2[3]:
0.500000000000
# log_degrees_of_freedom[1]:
5.35000000000
# log_degrees_of_freedom[2]:
5.35000000000
# log_degrees_of_freedom[3]:
5.35000000000
# gamma_r:
0.00000000000
