# Number of parameters = 231 Objective function value = -1303.28  Maximum gradient component = 0.000803110
# theta[1]:
 7.19299
# theta[2]:
 0.782455
# theta[3]:
 -0.791473
# theta[4]:
 6.82445
# theta[5]:
 5.59150
# theta[6]:
 0.227669
# theta[7]:
 1.60969
# sel_par[1]:
 0.974411 -1.22465
# sel_par[2]:
 1.05129 -1.11145
# sel_par[3]:
 1.53581 -0.919691
# sel_par[4]:
 0.720276 -2.99573
# sel_par[5]:
 0.720276 -2.99573
# log_ft_pars:
 -0.378948 -0.255422 -2.07591 -0.463218 -0.421742 0.00324716 0.364571 -0.553667 -0.196209 -0.0229533 -0.138089 0.0292764 0.145980 0.178553 0.100595 0.315047 0.711080 -2.10752 -4.55314 -4.79736 -3.08383 -2.55235 -2.22502 -4.45857 -4.89532 -2.56671 -2.61897 -1.75763 -1.61767 -3.25202 -2.59025 -2.68930 -3.94262 -3.62380 -3.87452 -4.88288 -5.50487 -4.67242 -4.26992 -5.87962 -5.03718 -4.48716 -5.21413 -4.63454 -4.99949 -5.16857 -5.57128 -4.69711 -4.16240 -4.30892 -4.26957 -4.39183 -3.92580 -4.24924 -3.77729 -3.48655 -4.29878 -3.85244 -4.74615 -4.52309 -4.63818 -1.66591 -3.01737 -4.43438 -4.62990 -5.70707 -2.83541 -2.92793 -5.84788 -3.36917 -2.77771 -1.60364 -1.96315 -2.45171 -5.71221 -2.84750 -3.86693 -3.87251 -4.23805 -3.26266 -3.14656 -2.92453 -3.00837 -2.43821 -2.29632 -2.78238 -2.88417 -2.48646 -2.51307 -2.31954 -2.23502 -2.52041 -2.30219 -1.92975 -2.87987 -2.16746 -2.27651 -2.32420 -3.98770 -1.45842 -1.24012 -0.886849 -1.01948 -1.12796 -1.17475 -1.37228 -2.12800 -1.62559 -1.39400 -0.618771 -0.565916 -0.893139 -0.836628 -1.11878 -1.24252 -1.22854 -1.00581 -1.13239 -1.15792 -0.977471 -1.38719 -1.60674 -1.38495 -1.22230 -1.45212 -1.38783 -1.28695 -1.16681 -1.20449 -1.72751 -1.24834 -1.15567 -1.27567 -1.85580 -1.60508 -1.62194 -1.44110
# init_log_rec_devs:
 1.40139 0.985197 -0.698097 -0.532567 -0.389504 -0.279191 -0.188613 -0.298611
# log_rec_devs:
 0.125292 0.154648 0.526265 0.332726 -0.289081 -0.632222 -0.529633 0.131707 0.0922443 -0.483515 0.307151 0.256429 0.546622 -0.151898 -0.486974 -0.185093 -0.324724 -0.964109 0.0583178 0.137158 -0.187435 -0.352804 -0.337323 -0.104921 -0.572926 -0.0386906 -0.233655 -0.864857 -0.305833 -0.524104 -0.501563 -0.746014 -0.952079 -0.399097 0.211299 -0.382443 0.544908 -0.570757 0.393710 -0.160827 0.696505 0.384664 0.649044 -0.153490 0.508695 0.855053 0.875155 0.0445892 0.400422 0.531588 0.688731 0.707719 0.225225 0.272282 0.182983 0.755977 -0.597847 0.705515 -1.27845 0.721460 0.288275
# log_m_nodes:
 -0.147399 -0.0717522 0.199029 0.109597 -0.187026 0.0707681 0.0157126 -0.00387159 0.0268350 -0.0439932 0.0516188 -0.168624
# log_age_tau2[1]:
0.325000000000
# log_age_tau2[2]:
0.325000000000
# log_age_tau2[3]:
0.325000000000
# phi1[1]:
0.0100000000000
# phi1[2]:
0.0100000000000
# phi1[3]:
0.0100000000000
# phi2[1]:
0.500000000000
# phi2[2]:
0.500000000000
# phi2[3]:
0.500000000000
# log_degrees_of_freedom[1]:
5.35000000000
# log_degrees_of_freedom[2]:
5.35000000000
# log_degrees_of_freedom[3]:
5.35000000000
# gamma_r:
0.00000000000
