# Number of parameters = 196 Objective function value = -886.485  Maximum gradient component = 0.000238925
# theta[1]:
 5.93652
# theta[2]:
 0.828159
# theta[3]:
 -0.797688
# theta[4]:
 5.55540
# theta[5]:
 5.58209
# theta[6]:
 0.200693
# theta[7]:
 1.31706
# sel_par[1]:
 1.04639 -0.880016
# sel_par[2]:
 1.16865 -0.944837
# sel_par[3]:
 1.62792 -0.734741
# sel_par[4]:
 0.720276 -2.99573
# sel_par[5]:
 0.720276 -2.99573
# log_ft_pars:
 -0.409461 -0.0661133 -3.63684 -0.405656 -1.28472 0.448789 0.461779 -0.583994 0.110979 -1.74721 0.0724019 -0.880078 0.180810 0.332076 0.0211024 1.55057 0.494143 -1.87591 -4.44371 -1.86644 -4.27010 -6.87249 -4.56221 -8.62802 -8.63238 -9.42400 -7.51749 -9.89589 -6.78033 -7.43853 -6.13648 -0.947486 -1.43571 -2.11488 -2.31418 -1.64630 -1.98419 -1.44373 -5.52773 -3.43019 -3.29326 -2.32175 -2.38085 -2.61665 -2.37103 -2.36486 -1.87167 -1.86446 -1.34251 -1.50472 -1.53081 -1.22997 -1.09608 -1.63384 -1.96873 -1.35634 -1.70239 -1.53510 -1.43694 -1.85009 -2.20815 -1.89741 -1.43319 -1.26384 -2.96336 -3.36658 -3.86902 -2.03982 -0.527907 -0.740721 -0.719763 -0.691449 -0.0788178 -3.02282 -1.90502 -1.92935 -2.20456 -1.90226 -2.08299 -2.43904 -2.65794 -2.61554 -1.50752 -1.74336 -2.27121 -2.45041 -1.75701 -1.96809 -2.31193 -3.42824 -3.41214 -2.71496 -2.08381 -2.79171 -3.30474 -3.26934 -3.40560 -1.74028
# init_log_rec_devs:
 1.08216 1.51869 0.371202 -0.864773 -0.671763 -0.510062 -0.376983 -0.548476
# log_rec_devs:
 -0.00705662 0.0213903 1.40619 -0.328377 -0.176094 0.328847 0.382958 0.754283 -0.544561 0.452078 0.911800 0.692117 0.631465 0.0678820 -0.641240 1.75054 -0.720913 -0.550627 0.343975 0.251327 0.178068 0.309587 0.0918925 0.149299 -0.566659 -0.788703 -0.526199 -0.698868 1.55089 0.439029 0.414188 -0.395709 -0.543515 0.466026 -0.279037 0.0410910 1.26219 -0.821442 -1.31706 -0.317071 0.923268 -0.632427 -0.429013 -1.70252 -0.725281 0.533983 0.506223 -0.800392 -0.254721 -1.03969 -0.229131 0.617937 -0.304129 0.587513 -0.427749 0.0649877 -0.743060 0.775698 -0.368648 0.314443 -0.898929 0.308475 -0.507575 0.819648 -0.0628918
# log_m_nodes:
 -0.141165 -0.0908152 0.238496 -0.0822545 -0.0793549 0.135529 -0.0845461 -0.0397231 0.0501868 0.158579 -0.0809816 -0.153694
# log_age_tau2[1]:
0.325000000000
# log_age_tau2[2]:
0.325000000000
# log_age_tau2[3]:
0.325000000000
# phi1[1]:
0.0100000000000
# phi1[2]:
0.0100000000000
# phi1[3]:
0.0100000000000
# phi2[1]:
0.500000000000
# phi2[2]:
0.500000000000
# phi2[3]:
0.500000000000
# log_degrees_of_freedom[1]:
5.35000000000
# log_degrees_of_freedom[2]:
5.35000000000
# log_degrees_of_freedom[3]:
5.35000000000
# gamma_r:
0.00000000000
