# Number of parameters = 190 Objective function value = -837.378  Maximum gradient component = 0.000168532
# theta[1]:
 5.93434
# theta[2]:
 0.823986
# theta[3]:
 -0.791475
# theta[4]:
 5.55153
# theta[5]:
 5.59956
# theta[6]:
 0.192594
# theta[7]:
 1.30570
# sel_par[1]:
 1.04583 -0.880605
# sel_par[2]:
 1.17228 -0.938150
# sel_par[3]:
 1.62045 -0.759714
# sel_par[4]:
 0.720276 -2.99573
# sel_par[5]:
 0.720276 -2.99573
# log_ft_pars:
 -0.414741 -0.0725446 -3.64441 -0.412595 -1.29112 0.441153 0.449083 -0.596002 0.100913 -1.75157 0.0759276 -0.869609 0.197347 0.351815 0.0207386 1.56518 0.490984 -1.91471 -4.48089 -1.88218 -4.26262 -6.84638 -4.56029 -8.64747 -8.65119 -9.43665 -7.52385 -9.89859 -6.78856 -7.43172 -6.10688 -0.932636 -1.40335 -2.07475 -2.27900 -1.62372 -1.97811 -1.45301 -5.53403 -3.43240 -3.29251 -2.32117 -2.38175 -2.61991 -2.37065 -2.35038 -1.84879 -1.83456 -1.30527 -1.46604 -1.50515 -1.21684 -1.09634 -1.64383 -1.97794 -1.36556 -1.70694 -1.52516 -1.41003 -1.80797 -2.16034 -1.86303 -1.41635 -1.26647 -2.96763 -3.86846 -2.02301 -0.507699 -0.728211 -0.716832 -0.702516 -0.107137 -3.05764 -1.93211 -1.96208 -2.22063 -1.91192 -2.09177 -2.45104 -2.67556 -2.62294 -1.50704 -1.74151 -2.24868 -2.41813 -1.74261 -1.98186 -2.33044 -3.45385 -3.43803 -2.74097 -2.11176 -2.80501 -3.29278 -3.24175 -3.37286
# init_log_rec_devs:
 1.07271 1.51113 0.366999 -0.862069 -0.668243 -0.506274 -0.373278 -0.540976
# log_rec_devs:
 0.00336973 0.0304356 1.41373 -0.320351 -0.165946 0.342001 0.401281 0.776389 -0.525708 0.464504 0.913556 0.679993 0.599381 0.0259882 -0.660764 1.69440 -0.749026 -0.524934 0.415773 0.325737 0.230638 0.314372 0.0705077 0.112233 -0.592878 -0.811206 -0.542955 -0.698857 1.57283 0.470733 0.447329 -0.370328 -0.517185 0.479934 -0.263414 0.0556972 1.26684 -0.822779 -1.32765 -0.343040 0.891047 -0.664868 -0.464694 -1.71721 -0.733140 0.543220 0.536786 -0.787204 -0.242739 -1.03986 -0.257297 0.579334 -0.347298 0.548922 -0.443158 0.0656448 -0.714792 0.867884 -0.468822 0.404730 -0.427117
# log_m_nodes:
 -0.144888 -0.0930371 0.189439 0.0316106 -0.172098 0.136635 0.000543078 -0.104755 0.0196435 0.106458 0.115048 -0.124249
# log_age_tau2[1]:
0.325000000000
# log_age_tau2[2]:
0.325000000000
# log_age_tau2[3]:
0.325000000000
# phi1[1]:
0.0100000000000
# phi1[2]:
0.0100000000000
# phi1[3]:
0.0100000000000
# phi2[1]:
0.500000000000
# phi2[2]:
0.500000000000
# phi2[3]:
0.500000000000
# log_degrees_of_freedom[1]:
5.35000000000
# log_degrees_of_freedom[2]:
5.35000000000
# log_degrees_of_freedom[3]:
5.35000000000
# gamma_r:
0.00000000000
