# Number of parameters = 199 Objective function value = -920.753  Maximum gradient component = 0.000495952
# theta[1]:
 5.90136
# theta[2]:
 0.827632
# theta[3]:
 -0.806657
# theta[4]:
 5.52449
# theta[5]:
 5.55423
# theta[6]:
 0.203951
# theta[7]:
 1.32983
# sel_par[1]:
 1.04552 -0.879009
# sel_par[2]:
 1.16804 -0.938826
# sel_par[3]:
 1.62775 -0.732445
# sel_par[4]:
 0.720276 -2.99573
# sel_par[5]:
 0.720276 -2.99573
# log_ft_pars:
 -0.398777 -0.0501155 -3.62038 -0.392257 -1.27423 0.456671 0.474233 -0.569681 0.127009 -1.73144 0.0862155 -0.868170 0.188168 0.338201 0.0332106 1.54728 0.496367 -1.85303 -4.40867 -1.83600 -4.24641 -6.85822 -4.55918 -8.60521 -8.60433 -9.39470 -7.49260 -9.88804 -6.77632 -7.42454 -6.11869 -0.925505 -1.42269 -2.11088 -2.31586 -1.64884 -1.98202 -1.42996 -5.49855 -3.40585 -3.27706 -2.31472 -2.37889 -2.61324 -2.36353 -2.35175 -1.85338 -1.84574 -1.32501 -1.48881 -1.52053 -1.23038 -1.10701 -1.65536 -1.99317 -1.37419 -1.70930 -1.52933 -1.41553 -1.81706 -2.17155 -1.86608 -1.41517 -1.26144 -2.97528 -3.36463 -4.78840 -3.85710 -2.03479 -0.529193 -0.746485 -0.726429 -0.693828 -0.0677239 -2.99446 -1.87884 -1.90812 -2.19114 -1.89764 -2.08436 -2.44072 -2.65339 -2.60370 -1.49108 -1.72586 -2.25629 -2.44163 -1.75475 -1.97163 -2.32428 -3.44890 -3.43522 -2.73548 -2.09456 -2.78651 -3.28349 -3.23613 -3.36915 -1.82597
# init_log_rec_devs:
 1.09388 1.52868 0.377298 -0.867795 -0.676016 -0.514923 -0.382101 -0.559025
# log_rec_devs:
 0.00441011 0.0263688 1.41137 -0.320319 -0.164852 0.341464 0.391208 0.759545 -0.542684 0.454736 0.914716 0.698824 0.643297 0.0827679 -0.628922 1.79497 -0.697198 -0.537344 0.330505 0.226564 0.148531 0.293367 0.0883007 0.162192 -0.545765 -0.764221 -0.498786 -0.678915 1.55776 0.431312 0.400336 -0.406368 -0.550919 0.474217 -0.263275 0.0607347 1.28305 -0.815466 -1.32249 -0.325908 0.912347 -0.637472 -0.417197 -1.67832 -0.679943 0.588041 0.557995 -0.741846 -0.211887 -1.01753 -0.221394 0.607591 -0.323179 0.568331 -0.432053 0.0796877 -0.710316 0.813240 -0.334892 0.355227 -0.817288 0.345109 -0.473742 0.806017 -0.746644 0.00228252 -0.109288
# log_m_nodes:
 -0.149313 -0.0871042 0.255904 -0.129623 -0.0237838 0.110245 -0.105171 -0.0121831 0.0866208 0.121018 -0.144925 -0.0131943
# log_age_tau2[1]:
0.325000000000
# log_age_tau2[2]:
0.325000000000
# log_age_tau2[3]:
0.325000000000
# phi1[1]:
0.0100000000000
# phi1[2]:
0.0100000000000
# phi1[3]:
0.0100000000000
# phi2[1]:
0.500000000000
# phi2[2]:
0.500000000000
# phi2[3]:
0.500000000000
# log_degrees_of_freedom[1]:
5.35000000000
# log_degrees_of_freedom[2]:
5.35000000000
# log_degrees_of_freedom[3]:
5.35000000000
# gamma_r:
0.00000000000
