# Number of parameters = 183 Objective function value = -744.166  Maximum gradient component = 0.000394711
# theta[1]:
 6.29067
# theta[2]:
 0.736481
# theta[3]:
 -0.543630
# theta[4]:
 5.89178
# theta[5]:
 5.55064
# theta[6]:
 0.269972
# theta[7]:
 1.43093
# sel_par[1]:
 0.967085 -1.48300
# sel_par[2]:
 1.09521 -1.11848
# sel_par[3]:
 1.56925 -0.756706
# sel_par[4]:
 0.720276 -2.99573
# sel_par[5]:
 0.720276 -2.99573
# log_ft_pars:
 -0.617431 0.134863 -6.96958 0.193697 -1.31201 -0.521284 -2.76207 -4.52418 0.314682 0.698920 0.410567 -0.256606 -0.385132 -0.400714 -0.330196 0.0730250 0.441934 -11.4950 -7.76386 -3.00049 -6.35920 -27.7627 -10.2022 -9.93901 -10.7448 -11.0540 -10.6183 -9.05278 -10.3584 -1.97089 -1.20782 -1.58508 -1.53734 -1.23871 -1.27725 -2.25089 -1.45064 -3.24860 -2.24089 -2.75560 -1.51699 -1.45717 -5.28979 -5.51181 -1.32096 -1.97204 -1.79804 -1.79935 -1.74111 -2.54090 -2.00167 -1.91818 -2.78167 -3.56083 -1.74057 -1.86583 -2.02250 -3.13818 -3.91979 -2.09588 -1.19500 -0.657501 -2.55094 -1.74706 -1.29122 -0.671134 -0.874771 -0.445202 -0.878007 -2.14591 -1.86097 -1.71747 -1.79436 -2.45439 -1.93973 -2.53341 -1.67912 -2.48615 -2.12531 -3.28905 -3.12208 -1.88536 -2.47278 -2.75351 -2.89811 -1.82494 -1.92311 -0.854220
# init_log_rec_devs:
 0.563592 1.36699 -0.717334 -0.477088 -0.304119 -0.175127 -0.106727 -0.150186
# log_rec_devs:
 0.197685 0.112613 0.745890 -0.0250371 0.312617 0.516227 0.354169 0.954995 0.642214 0.188688 0.858262 0.0547300 0.679976 -0.293448 -1.12444 0.174717 -0.0863892 -1.01012 0.183770 0.657705 0.396823 0.315436 0.461589 0.758705 -0.0913617 -0.416265 0.191773 -0.751584 0.285612 0.0795161 -0.298760 -0.421216 0.111752 0.838935 0.906110 -0.195249 1.30347 -0.310215 -0.152093 -0.573910 0.422146 -0.000609789 -0.224735 -0.893445 -0.492188 1.02385 0.0319623 -0.517349 -0.354095 0.0992419 0.440224 0.439338 -0.336182 -0.239130 -0.628592 -0.154553 -0.975709 -0.399145 -0.988697 0.0495624 -1.12289 -1.71289
# log_m_nodes:
 -0.0555605 -0.0701151 0.125424 -0.0266369 -0.206276 0.236590 -0.0491848 -0.00951607 0.0444321 0.0811186 -0.00502874 -0.163162
# log_age_tau2[1]:
0.325000000000
# log_age_tau2[2]:
0.325000000000
# log_age_tau2[3]:
0.325000000000
# phi1[1]:
0.0100000000000
# phi1[2]:
0.0100000000000
# phi1[3]:
0.0100000000000
# phi2[1]:
0.500000000000
# phi2[2]:
0.500000000000
# phi2[3]:
0.500000000000
# log_degrees_of_freedom[1]:
5.35000000000
# log_degrees_of_freedom[2]:
5.35000000000
# log_degrees_of_freedom[3]:
5.35000000000
# gamma_r:
0.00000000000
