# Number of parameters = 214 Objective function value = -772.256  Maximum gradient component = 4.76522e-005
# theta[1]:
 5.71961
# theta[2]:
 0.717156
# theta[3]:
 -0.871804
# theta[4]:
 5.26648
# theta[5]:
 5.44179
# theta[6]:
 0.283286
# theta[7]:
 1.24950
# sel_par[1]:
 1.66192 0.151352
# sel_par[2]:
 1.21206 -0.782679
# sel_par[3]:
 1.72016 -0.661680
# sel_par[4]:
 0.720276 -2.99573
# sel_par[5]:
 0.720276 -2.99573
# log_ft_pars:
 0.831256 1.38401 -1.73798 0.957823 0.726086 0.117340 1.40574 -0.461121 -0.214281 -0.0319146 0.546220 -0.155657 0.115351 -0.0518110 0.480444 -0.0164039 -0.168972 -1.05546 -1.35008 -0.307488 -1.79921 -3.24147 -3.68736 -3.92240 -2.99095 -2.53459 -0.655533 -1.08083 -2.03052 -1.41171 -1.62992 -4.51351 -4.22071 -4.02405 -5.05507 -5.34166 -5.29191 -5.77633 -6.55449 -4.54698 -7.36594 -9.35323 -9.24379 -7.63128 -6.75342 -1.13785 -2.09406 -2.00431 -2.44066 -1.86890 -1.10168 -1.78898 -2.01381 -1.91091 -2.73039 -4.75007 -2.89055 -2.48557 -2.36971 -2.79089 -2.17499 -2.02912 -2.41071 -2.87077 -3.08675 -2.50112 -2.21084 -3.30212 -4.50745 -2.74739 -2.95392 -2.22484 -2.66651 -2.37135 -2.17538 -2.57458 -3.44119 -3.13984 -3.54307 -3.04462 -3.75744 -6.51155 -0.871913 -5.95930 -3.32617 -1.68273 -0.562727 -0.991132 -1.06054 -2.21257 -1.73622 -1.13624 -1.11222 -1.25036 -0.976994 -0.668738 -1.41202 -1.48547 -0.808922 -0.612826 -1.31096 -2.00846 -1.12144 -0.144536 -0.554849 -1.48410 -0.987573 -1.44098 -0.963298 -0.842759 -0.931007 -0.988096 -1.20008 -1.52578 -1.39007 -1.45813 -1.92559 -1.78984 -2.08373
# init_log_rec_devs:
 1.32169 1.80116 0.648618 0.215549 -1.14812 -0.965802 -0.776755 -1.09634
# log_rec_devs:
 0.611874 0.266653 0.934703 -0.449607 0.308338 -0.290006 0.223752 0.952911 -0.167419 1.75672 1.21244 0.545311 1.79117 0.358434 -0.405462 -0.899660 -0.254657 -0.672784 -0.0908026 0.0703793 -0.817738 0.125630 0.150722 -0.236129 -1.00679 -0.669821 -1.29339 -1.36955 0.250518 -0.461764 -0.415420 -0.0296568 0.951592 0.00354579 -0.217622 0.747979 0.483528 0.0931882 -0.640484 0.750840 0.520612 -0.305665 -1.08117 -0.574031 0.615738 -0.141295 0.288467 -0.825106 -0.0530793 0.400687 -0.0664132 0.951725 -0.816731 -0.272949 -0.403705 0.657116 -0.402981 -0.405211 -0.0836979 0.230195 -0.389061 -0.0449104
# log_m_nodes:
 -0.282723 -0.0706169 0.285022 -0.00798994 -0.109306 -0.0203407 0.0878265 -0.0373155 0.0133593 0.0462182 -0.0443989 -0.117554
# log_age_tau2[1]:
0.325000000000
# log_age_tau2[2]:
0.325000000000
# log_age_tau2[3]:
0.325000000000
# phi1[1]:
0.0100000000000
# phi1[2]:
0.0100000000000
# phi1[3]:
0.0100000000000
# phi2[1]:
0.500000000000
# phi2[2]:
0.500000000000
# phi2[3]:
0.500000000000
# log_degrees_of_freedom[1]:
5.35000000000
# log_degrees_of_freedom[2]:
5.35000000000
# log_degrees_of_freedom[3]:
5.35000000000
# gamma_r:
0.00000000000
