# Number of parameters = 181 Objective function value = -731.445  Maximum gradient component = 0.000808411
# theta[1]:
 6.30517
# theta[2]:
 0.773984
# theta[3]:
 -0.529245
# theta[4]:
 5.95916
# theta[5]:
 5.59906
# theta[6]:
 0.265909
# theta[7]:
 1.47238
# sel_par[1]:
 0.967369 -1.48517
# sel_par[2]:
 1.09257 -1.12206
# sel_par[3]:
 1.56853 -0.757757
# sel_par[4]:
 0.720276 -2.99573
# sel_par[5]:
 0.720276 -2.99573
# log_ft_pars:
 -0.633640 0.110490 -6.99666 0.165971 -1.34428 -0.551332 -2.78757 -4.53733 0.307095 0.690836 0.396493 -0.278996 -0.410033 -0.427436 -0.358008 0.0450770 0.447083 -11.5070 -7.78505 -3.02153 -6.37166 -27.7567 -10.1957 -9.93846 -10.7942 -11.0930 -10.6687 -9.11738 -10.4162 -1.97165 -1.21062 -1.59427 -1.55301 -1.25839 -1.30030 -2.27496 -1.46566 -3.25299 -2.23783 -2.75771 -1.53780 -1.50432 -5.34690 -5.55621 -1.34435 -1.97609 -1.77872 -1.77144 -1.71902 -2.54092 -2.02806 -1.97093 -2.84855 -3.62305 -1.78627 -1.87853 -2.00248 -3.09722 -3.90014 -2.10790 -1.24623 -0.761530 -2.55313 -1.75516 -1.30460 -0.689962 -0.896897 -0.466725 -0.893562 -2.15011 -1.85834 -1.72062 -1.81584 -2.50182 -1.96349 -2.53534 -1.66113 -2.45923 -2.10346 -3.28788 -3.17621 -1.89872 -2.45384 -2.71184 -2.87875 -1.83845 -1.97621 -0.960798
# init_log_rec_devs:
 0.541307 1.35149 -0.711601 -0.469580 -0.296868 -0.170163 -0.102732 -0.141849
# log_rec_devs:
 0.159343 0.0883140 0.714672 -0.0452698 0.290501 0.494675 0.322835 0.912873 0.596270 0.145079 0.824045 0.0246847 0.650998 -0.317460 -1.13828 0.125465 -0.0271074 -0.932102 0.188333 0.622478 0.335861 0.243220 0.392980 0.698766 -0.133408 -0.446794 0.163209 -0.783880 0.237309 0.0125922 -0.377365 -0.496569 0.0548960 0.805195 0.888084 -0.212523 1.26759 -0.375225 -0.245395 -0.682395 0.313651 -0.0862175 -0.280072 -0.916140 -0.494602 1.02525 0.0185492 -0.563501 -0.438494 -0.0159146 0.314152 0.325691 -0.403746 -0.254254 -0.588693 -0.105760 -0.948002 -0.335561 -1.36762 -0.245212
# log_m_nodes:
 -0.0497598 -0.0721034 0.114924 0.0105656 -0.237651 0.195643 0.0280474 -0.0711381 0.0702012 0.0449570 0.0753099 -0.0803660
# log_age_tau2[1]:
0.325000000000
# log_age_tau2[2]:
0.325000000000
# log_age_tau2[3]:
0.325000000000
# phi1[1]:
0.0100000000000
# phi1[2]:
0.0100000000000
# phi1[3]:
0.0100000000000
# phi2[1]:
0.500000000000
# phi2[2]:
0.500000000000
# phi2[3]:
0.500000000000
# log_degrees_of_freedom[1]:
5.35000000000
# log_degrees_of_freedom[2]:
5.35000000000
# log_degrees_of_freedom[3]:
5.35000000000
# gamma_r:
0.00000000000
