# Number of parameters = 267 Objective function value = -1515.59  Maximum gradient component = 0.000176217
# theta[1]:
 7.37006
# theta[2]:
 0.767038
# theta[3]:
 -0.796784
# theta[4]:
 7.01586
# theta[5]:
 5.60171
# theta[6]:
 0.274460
# theta[7]:
 1.60065
# sel_par[1]:
 0.979085 -1.20916
# sel_par[2]:
 1.06850 -1.08954
# sel_par[3]:
 1.54401 -0.900163
# sel_par[4]:
 0.720276 -2.99573
# sel_par[5]:
 0.720276 -2.99573
# log_ft_pars:
 -0.407895 -0.311929 -2.13875 -0.522511 -0.476873 -0.0445991 0.312289 -0.621455 -0.244738 -0.0728235 -0.206819 -0.0511070 0.0476620 0.0643192 -0.0204975 0.203658 0.661302 -2.20317 -4.60511 -4.82790 -3.13591 -2.65696 -2.38544 -4.65164 -5.08385 -2.73000 -2.74576 -1.84333 -1.66646 -3.27048 -2.59629 -2.70189 -3.98437 -3.71459 -4.01844 -5.04733 -5.67670 -4.83522 -4.40925 -5.99001 -5.11948 -4.54329 -5.25083 -4.66632 -5.04185 -5.23793 -5.67830 -4.83471 -4.31361 -4.46192 -4.40878 -4.49505 -3.98264 -4.25738 -3.74911 -3.44689 -4.27023 -3.85589 -4.76010 -4.57176 -4.71239 -3.09652 -2.91544 -2.47362 -2.45226 -2.55033 -2.53657 -2.73564 -2.59220 -4.03916 -1.74665 -3.15225 -4.60001 -4.79216 -5.85096 -2.93892 -2.99517 -5.84844 -3.35957 -2.77362 -1.62751 -2.03160 -2.56202 -5.84334 -2.99353 -3.99991 -3.99310 -4.29875 -3.29069 -3.16125 -2.93370 -3.03370 -2.47994 -2.37292 -2.89447 -3.01790 -2.61539 -2.62445 -2.39596 -2.26857 -2.51212 -2.25657 -1.86946 -2.82383 -2.15462 -2.26166 -2.33976 -3.22580 -2.52556 -2.46230 -2.23512 -2.41495 -2.22388 -3.24217 -2.54018 -4.01683 -4.07262 -1.60024 -1.40134 -1.03614 -1.14395 -1.22299 -1.23635 -1.39502 -2.12341 -1.61028 -1.38592 -0.635958 -0.625680 -1.00096 -0.948947 -1.23809 -1.34330 -1.29672 -1.05132 -1.15510 -1.16361 -0.975614 -1.39327 -1.63595 -1.44841 -1.31607 -1.56445 -1.50081 -1.38257 -1.22501 -1.22076 -1.70086 -1.19464 -1.08882 -1.21914 -1.82344 -1.58471 -1.57268 -1.30984 -1.48480 -1.56701 -1.66147 -1.81856 -1.43683 -1.07806 -0.927320 -1.11228 -1.09664
# init_log_rec_devs:
 1.41835 0.996138 -0.694993 -0.534844 -0.393653 -0.286569 -0.194436 -0.309995
# log_rec_devs:
 -0.0160610 0.0650536 0.451255 0.257074 -0.381998 -0.743387 -0.605413 0.0268208 -0.0193312 -0.577943 0.225549 0.190949 0.524810 -0.127366 -0.421971 -0.208824 -0.188330 -0.926350 -0.0457395 -0.0318134 -0.340879 -0.434563 -0.311385 -0.0253705 -0.486066 0.0197320 -0.221197 -0.905264 -0.393772 -0.665546 -0.669114 -0.900351 -1.06675 -0.444728 0.221939 -0.335359 0.600210 -0.521311 0.423492 -0.169096 0.648928 0.291144 0.542330 -0.273889 0.402370 0.780656 0.839730 0.0459668 0.438140 0.585845 0.724147 0.701042 0.147047 0.128432 -0.00818051 0.528449 -0.786080 0.521114 -1.06011 0.800125 0.321320 -0.249825 0.326229 0.385374 0.233144 0.151012 0.258639 0.248989 1.40031 0.105996
# log_m_nodes:
 -0.0929117 -0.0477697 0.247932 -0.107007 -0.0309092 0.0471934 -0.00575086 0.0124858 -0.0134134 0.00407752 -0.0444010 0.211721
# log_age_tau2[1]:
0.325000000000
# log_age_tau2[2]:
0.325000000000
# log_age_tau2[3]:
0.325000000000
# phi1[1]:
0.0100000000000
# phi1[2]:
0.0100000000000
# phi1[3]:
0.0100000000000
# phi2[1]:
0.500000000000
# phi2[2]:
0.500000000000
# phi2[3]:
0.500000000000
# log_degrees_of_freedom[1]:
5.35000000000
# log_degrees_of_freedom[2]:
5.35000000000
# log_degrees_of_freedom[3]:
5.35000000000
# gamma_r:
0.00000000000
