# Number of parameters = 235 Objective function value = -881.928  Maximum gradient component = 0.000337351
# theta[1]:
 5.73409
# theta[2]:
 0.717672
# theta[3]:
 -0.850220
# theta[4]:
 5.31538
# theta[5]:
 5.51651
# theta[6]:
 0.286189
# theta[7]:
 1.28572
# sel_par[1]:
 1.61783 0.111872
# sel_par[2]:
 1.21505 -0.799705
# sel_par[3]:
 1.73737 -0.626773
# sel_par[4]:
 0.720276 -2.99573
# sel_par[5]:
 0.720276 -2.99573
# log_ft_pars:
 0.710208 1.25016 -1.86521 0.832732 0.596655 -0.000207882 1.28391 -0.584737 -0.324844 -0.127416 0.472802 -0.214313 0.0717202 -0.0801760 0.462988 -0.0309282 -0.172447 -1.06228 -1.40683 -0.383402 -1.87108 -3.30640 -3.75245 -3.99974 -3.07284 -2.61574 -0.745283 -1.19482 -2.16120 -1.55113 -1.75719 -4.59020 -4.28914 -4.09030 -5.12519 -5.42827 -5.40689 -5.91309 -6.69750 -4.69369 -7.51305 -9.48240 -9.36659 -7.76684 -6.89619 -4.03924 -3.11033 -3.36217 -3.03654 -1.11188 -2.05581 -1.97005 -2.42224 -1.86206 -1.10317 -1.80339 -2.03740 -1.94728 -2.77616 -4.78131 -2.88161 -2.47031 -2.35007 -2.77871 -2.18785 -2.06922 -2.46718 -2.93279 -3.15449 -2.56620 -2.25986 -3.32959 -4.53687 -2.77785 -2.99048 -2.26676 -2.71493 -2.42864 -2.23157 -2.62552 -3.41882 -3.07307 -3.44486 -2.90695 -3.53908 -3.11002 -3.11265 -3.11703 -3.20714 -2.75929 -6.45317 -0.799290 -5.88744 -3.26488 -1.63970 -0.539254 -0.975781 -1.04558 -2.20253 -1.70108 -1.08717 -1.04006 -1.18698 -0.939817 -0.642991 -1.40352 -1.49538 -0.823634 -0.609375 -1.29390 -1.99527 -1.10658 -0.115303 -0.503629 -1.44396 -0.965381 -1.43047 -0.959233 -0.829631 -0.919240 -0.969923 -1.18956 -1.51490 -1.33742 -1.31284 -1.67839 -1.43838 -1.61751 -1.44937 -1.61060 -1.70925 -1.23609 -1.17163 -2.42870
# init_log_rec_devs:
 1.28077 1.75521 0.594969 0.197623 -1.11951 -0.931323 -0.740034 -1.03771
# log_rec_devs:
 0.593418 0.264811 0.910907 -0.459920 0.307486 -0.290992 0.199110 0.923394 -0.217495 1.68451 1.12416 0.433807 1.63463 0.213099 -0.509295 -0.891641 -0.285862 -0.692188 -0.0737372 -0.00749831 -0.935963 0.0232870 0.0420505 -0.347034 -1.09758 -0.727307 -1.33767 -1.37238 0.281491 -0.456104 -0.414074 -0.0444040 0.919571 -0.0692425 -0.292074 0.700742 0.467952 0.0814742 -0.608941 0.806958 0.613798 -0.254446 -1.06096 -0.532173 0.644496 -0.122555 0.299990 -0.834977 -0.0377068 0.421022 -0.0425418 1.00321 -0.774219 -0.185368 -0.327945 0.642893 -0.315482 -0.324341 0.159764 0.378717 -0.214171 0.171761 -0.811437 0.890234 0.0640499 -0.596264 0.552858 0.110347
# log_m_nodes:
 -0.266151 -0.0328705 0.255946 -0.0808475 -0.0769811 0.0527408 0.0261310 -0.0260075 0.0554499 -0.00991332 0.0147057 0.0573714
# log_age_tau2[1]:
0.325000000000
# log_age_tau2[2]:
0.325000000000
# log_age_tau2[3]:
0.325000000000
# phi1[1]:
0.0100000000000
# phi1[2]:
0.0100000000000
# phi1[3]:
0.0100000000000
# phi2[1]:
0.500000000000
# phi2[2]:
0.500000000000
# phi2[3]:
0.500000000000
# log_degrees_of_freedom[1]:
5.35000000000
# log_degrees_of_freedom[2]:
5.35000000000
# log_degrees_of_freedom[3]:
5.35000000000
# gamma_r:
0.00000000000
