# Number of parameters = 217 Objective function value = -786.278  Maximum gradient component = 0.000110758
# theta[1]:
 5.82606
# theta[2]:
 0.727807
# theta[3]:
 -0.851527
# theta[4]:
 5.37529
# theta[5]:
 5.48489
# theta[6]:
 0.278468
# theta[7]:
 1.18885
# sel_par[1]:
 1.66875 0.144764
# sel_par[2]:
 1.21464 -0.798636
# sel_par[3]:
 1.72660 -0.648299
# sel_par[4]:
 0.720276 -2.99573
# sel_par[5]:
 0.720276 -2.99573
# log_ft_pars:
 0.847026 1.39281 -1.73290 0.967700 0.735121 0.125812 1.41052 -0.466154 -0.219522 -0.0390633 0.533119 -0.173993 0.0938508 -0.0797707 0.440249 -0.0736717 -0.236232 -1.11991 -1.38093 -0.336707 -1.83650 -3.28288 -3.72733 -3.95747 -3.01696 -2.55616 -0.680530 -1.11338 -2.06517 -1.44579 -1.66244 -4.53971 -4.24918 -4.05708 -5.09068 -5.37718 -5.32733 -5.80780 -6.57763 -4.56365 -7.38084 -9.37023 -9.25210 -7.64632 -6.78209 -1.19296 -2.15096 -2.06190 -2.49302 -1.90968 -1.13543 -1.82795 -2.05812 -1.95999 -2.78537 -4.79998 -2.93160 -2.53313 -2.41785 -2.83943 -2.22745 -2.08262 -2.45719 -2.90658 -3.12108 -2.53589 -2.24313 -3.32942 -4.54040 -2.77188 -2.97531 -2.24786 -2.69808 -2.42028 -2.23769 -2.64858 -3.47669 -3.12788 -3.45779 -2.85932 -3.43414 -3.07223 -6.54370 -0.911267 -5.99229 -3.34487 -1.69605 -0.581472 -1.01732 -1.08986 -2.24431 -1.75765 -1.16036 -1.13532 -1.27545 -1.00562 -0.695623 -1.43406 -1.50204 -0.821574 -0.619791 -1.31736 -2.01970 -1.13405 -0.156721 -0.563006 -1.49027 -0.992853 -1.44464 -0.967726 -0.848849 -0.949097 -1.01982 -1.24939 -1.57988 -1.41664 -1.41480 -1.78471 -1.52185 -1.64649 -1.41596
# init_log_rec_devs:
 1.30641 1.78843 0.642413 0.208245 -1.14529 -0.959658 -0.767776 -1.07276
# log_rec_devs:
 0.536553 0.196698 0.875598 -0.512927 0.241532 -0.352830 0.169927 0.905585 -0.210361 1.71465 1.18198 0.528216 1.79243 0.361562 -0.408279 -0.921465 -0.252093 -0.683009 -0.105131 0.0369803 -0.846646 0.106479 0.125256 -0.266636 -1.03134 -0.695196 -1.31680 -1.38678 0.238397 -0.486077 -0.444114 -0.0583155 0.921225 -0.0308717 -0.240160 0.736832 0.482219 0.0838397 -0.653050 0.730139 0.497533 -0.352285 -1.13820 -0.619612 0.579261 -0.174899 0.253131 -0.871501 -0.0982263 0.347905 -0.120195 0.907155 -0.849889 -0.277183 -0.393488 0.626555 -0.329783 -0.420983 -0.0493192 0.215440 -0.622705 -0.0154467 1.84271
# log_m_nodes:
 -0.259665 -0.0591278 0.272786 -0.0290111 -0.0961313 -0.0146305 0.0854561 -0.0490497 0.0290259 0.0296558 -0.00569845 0.00491936
# log_age_tau2[1]:
0.325000000000
# log_age_tau2[2]:
0.325000000000
# log_age_tau2[3]:
0.325000000000
# phi1[1]:
0.0100000000000
# phi1[2]:
0.0100000000000
# phi1[3]:
0.0100000000000
# phi2[1]:
0.500000000000
# phi2[2]:
0.500000000000
# phi2[3]:
0.500000000000
# log_degrees_of_freedom[1]:
5.35000000000
# log_degrees_of_freedom[2]:
5.35000000000
# log_degrees_of_freedom[3]:
5.35000000000
# gamma_r:
0.00000000000
