# Number of parameters = 191 Objective function value = -849.103  Maximum gradient component = 0.000587415
# theta[1]:
 5.92421
# theta[2]:
 0.820677
# theta[3]:
 -0.795783
# theta[4]:
 5.54037
# theta[5]:
 5.58583
# theta[6]:
 0.195869
# theta[7]:
 1.30745
# sel_par[1]:
 1.04607 -0.879164
# sel_par[2]:
 1.17790 -0.915607
# sel_par[3]:
 1.62083 -0.758869
# sel_par[4]:
 0.720276 -2.99573
# sel_par[5]:
 0.720276 -2.99573
# log_ft_pars:
 -0.408783 -0.0641161 -3.63539 -0.404680 -1.28511 0.446307 0.456775 -0.588806 0.107241 -1.74772 0.0768816 -0.870651 0.194558 0.349184 0.0243086 1.56924 0.503863 -1.89110 -4.46869 -1.87893 -4.26661 -6.85376 -4.55676 -8.63811 -8.64396 -9.43111 -7.51883 -9.89341 -6.78567 -7.43620 -6.10650 -0.927935 -1.40185 -2.07392 -2.27653 -1.61871 -1.97043 -1.43832 -5.51918 -3.42260 -3.28380 -2.31339 -2.37127 -2.61070 -2.36685 -2.34464 -1.84780 -1.83907 -1.30767 -1.45599 -1.49225 -1.20388 -1.08192 -1.63218 -1.96646 -1.35891 -1.71147 -1.53683 -1.42188 -1.81266 -2.14593 -1.83539 -1.37768 -1.23064 -2.95349 -3.87292 -2.02932 -0.513788 -0.731790 -0.717199 -0.698803 -0.0975469 -3.04693 -1.92412 -1.95598 -2.21545 -1.90639 -2.08658 -2.44807 -2.67587 -2.62633 -1.51203 -1.74700 -2.25314 -2.41845 -1.73733 -1.97249 -2.31904 -3.44390 -3.43403 -2.74396 -2.12153 -2.81937 -3.30678 -3.24826 -3.36547
# init_log_rec_devs:
 1.07863 1.51635 0.369904 -0.863775 -0.670492 -0.508742 -0.375752 -0.546119
# log_rec_devs:
 0.00559385 0.0304680 1.41409 -0.319195 -0.164162 0.344039 0.401698 0.775914 -0.524854 0.468320 0.921533 0.692046 0.616888 0.0446385 -0.649945 1.71239 -0.756927 -0.540794 0.397990 0.315126 0.233115 0.326923 0.0953481 0.132928 -0.571879 -0.802551 -0.534948 -0.694685 1.57688 0.472085 0.448895 -0.365135 -0.511299 0.482974 -0.260786 0.0613822 1.27875 -0.805654 -1.30891 -0.321169 0.906946 -0.657377 -0.464297 -1.72094 -0.734277 0.540236 0.538173 -0.771901 -0.216989 -1.00342 -0.222566 0.607303 -0.332542 0.543222 -0.467208 0.0458069 -0.722477 0.869672 -0.407645 0.395233 -0.760765 -0.0813159
# log_m_nodes:
 -0.147327 -0.0931751 0.205413 0.00229926 -0.151452 0.142981 -0.0248489 -0.0919781 0.0265574 0.131486 0.0668532 -0.127916
# log_age_tau2[1]:
0.325000000000
# log_age_tau2[2]:
0.325000000000
# log_age_tau2[3]:
0.325000000000
# phi1[1]:
0.0100000000000
# phi1[2]:
0.0100000000000
# phi1[3]:
0.0100000000000
# phi2[1]:
0.500000000000
# phi2[2]:
0.500000000000
# phi2[3]:
0.500000000000
# log_degrees_of_freedom[1]:
5.35000000000
# log_degrees_of_freedom[2]:
5.35000000000
# log_degrees_of_freedom[3]:
5.35000000000
# gamma_r:
0.00000000000
