# Number of parameters = 190 Objective function value = -770.559  Maximum gradient component = 0.000600993
# theta[1]:
 6.29537
# theta[2]:
 0.740399
# theta[3]:
 -0.544635
# theta[4]:
 5.90577
# theta[5]:
 5.55074
# theta[6]:
 0.300390
# theta[7]:
 1.40151
# sel_par[1]:
 0.966940 -1.48460
# sel_par[2]:
 1.09258 -1.14510
# sel_par[3]:
 1.56799 -0.765304
# sel_par[4]:
 0.720276 -2.99573
# sel_par[5]:
 0.720276 -2.99573
# log_ft_pars:
 -0.620741 0.130916 -6.97057 0.193483 -1.30610 -0.509220 -2.74807 -4.51600 0.319648 0.700805 0.399996 -0.288154 -0.444156 -0.473343 -0.391341 0.0525005 0.448379 -11.6021 -7.82527 -3.01279 -6.30702 -27.6627 -10.1080 -9.88548 -10.8864 -11.1851 -10.6010 -9.07342 -10.4089 -2.01147 -1.28887 -1.68801 -1.64371 -1.33292 -1.34119 -2.26695 -1.40110 -3.15643 -2.14993 -2.70368 -1.53761 -1.56207 -5.43649 -5.64659 -1.41800 -2.03311 -1.79948 -1.75223 -1.66157 -2.46464 -1.94991 -1.90122 -2.80239 -3.60868 -1.81815 -1.95169 -2.10189 -3.19466 -3.90392 -2.05696 -1.13854 -0.601548 -2.61400 -1.82950 -1.37354 -0.752832 -0.939793 -0.464675 -0.830559 -2.05203 -1.76435 -1.66123 -1.81107 -2.55494 -2.02943 -2.57936 -1.67194 -2.43736 -2.04309 -3.20059 -3.09655 -1.96335 -2.54800 -2.80571 -2.88508 -1.78727 -1.86922 -0.792645
# init_log_rec_devs:
 0.565015 1.36808 -0.718268 -0.478766 -0.305344 -0.174211 -0.105924 -0.150586
# log_rec_devs:
 0.186726 0.105566 0.744245 -0.0308667 0.297916 0.490830 0.325131 0.923259 0.607882 0.160217 0.850004 0.0861266 0.750998 -0.197881 -1.04172 0.269861 -0.0496569 -1.03759 0.0799692 0.575598 0.380494 0.382771 0.591261 0.918263 0.0867991 -0.255756 0.287066 -0.738591 0.225723 -0.0367581 -0.432106 -0.508600 0.108788 0.904569 1.04544 -0.0282775 1.44793 -0.227789 -0.141049 -0.632032 0.335270 -0.0900774 -0.293124 -0.923392 -0.493576 1.06343 0.120960 -0.411767 -0.259248 0.156576 0.447325 0.413021 -0.419474 -0.325294 -0.718558 -0.213700 -0.985522 -0.316513 -0.852295 0.125766 -1.24208 -1.10089 -0.202599 -0.449721 0.782421 -1.01173 -0.888490 0.217837 0.0606935
# log_m_nodes:
 -0.0471996 -0.0716595 0.173772 -0.183420 0.0334026 0.105478 -0.0776854 0.0572526 0.0699125 -0.00887035 -0.0702903 0.0815148
# log_age_tau2[1]:
0.325000000000
# log_age_tau2[2]:
0.325000000000
# log_age_tau2[3]:
0.325000000000
# phi1[1]:
0.0100000000000
# phi1[2]:
0.0100000000000
# phi1[3]:
0.0100000000000
# phi2[1]:
0.500000000000
# phi2[2]:
0.500000000000
# phi2[3]:
0.500000000000
# log_degrees_of_freedom[1]:
5.35000000000
# log_degrees_of_freedom[2]:
5.35000000000
# log_degrees_of_freedom[3]:
5.35000000000
# gamma_r:
0.00000000000
