# Number of parameters = 189 Objective function value = -826.649  Maximum gradient component = 4.00078e-005
# theta[1]:
 5.92289
# theta[2]:
 0.815796
# theta[3]:
 -0.794423
# theta[4]:
 5.53122
# theta[5]:
 5.58901
# theta[6]:
 0.189880
# theta[7]:
 1.29861
# sel_par[1]:
 1.04531 -0.879790
# sel_par[2]:
 1.17373 -0.933553
# sel_par[3]:
 1.62103 -0.758444
# sel_par[4]:
 0.720276 -2.99573
# sel_par[5]:
 0.720276 -2.99573
# log_ft_pars:
 -0.409437 -0.0641479 -3.63612 -0.406258 -1.28683 0.443379 0.452321 -0.591727 0.106688 -1.74397 0.0854053 -0.858605 0.208119 0.363754 0.0305291 1.57098 0.491907 -1.91366 -4.47241 -1.86907 -4.24541 -6.82837 -4.55822 -8.64598 -8.64704 -9.42833 -7.51185 -9.88165 -6.77030 -7.41683 -6.10951 -0.912961 -1.38307 -2.05735 -2.26654 -1.61627 -1.97451 -1.45005 -5.52301 -3.41895 -3.27658 -2.30322 -2.36125 -2.59959 -2.35181 -2.33217 -1.83520 -1.82668 -1.30166 -1.46478 -1.50674 -1.21872 -1.09511 -1.63622 -1.96210 -1.34356 -1.68215 -1.50003 -1.38786 -1.79236 -2.15200 -1.86317 -1.42187 -1.27616 -2.98039 -3.84770 -2.00246 -0.490212 -0.715451 -0.708983 -0.697926 -0.104191 -3.05085 -1.92106 -1.94727 -2.20425 -1.89359 -2.07146 -2.43039 -2.65651 -2.60732 -1.49420 -1.73210 -2.24448 -2.41752 -1.74345 -1.98218 -2.32833 -3.44591 -3.42373 -2.71981 -2.08555 -2.77916 -3.27078 -3.22651 -3.36693
# init_log_rec_devs:
 1.07609 1.51436 0.369023 -0.862910 -0.669504 -0.507767 -0.374920 -0.544367
# log_rec_devs:
 0.0137802 0.0362476 1.41968 -0.312713 -0.155333 0.354900 0.414021 0.788902 -0.516600 0.471985 0.917456 0.680753 0.595700 0.0188601 -0.663228 1.70114 -0.753398 -0.510781 0.437461 0.340970 0.234864 0.307483 0.0619143 0.107262 -0.589185 -0.802391 -0.528584 -0.681662 1.59217 0.487141 0.459279 -0.363229 -0.513013 0.480008 -0.265137 0.0530602 1.26315 -0.823274 -1.32340 -0.332223 0.908403 -0.642083 -0.440036 -1.69188 -0.711762 0.557090 0.541975 -0.794122 -0.254292 -1.05241 -0.267833 0.576236 -0.338976 0.568953 -0.415974 0.112937 -0.756729 0.947185 -0.318890 -0.631845
# log_m_nodes:
 -0.151610 -0.0934384 0.176707 0.0624288 -0.190297 0.130036 0.0216708 -0.109783 0.00875532 0.0837364 0.144739 -0.0452802
# log_age_tau2[1]:
0.325000000000
# log_age_tau2[2]:
0.325000000000
# log_age_tau2[3]:
0.325000000000
# phi1[1]:
0.0100000000000
# phi1[2]:
0.0100000000000
# phi1[3]:
0.0100000000000
# phi2[1]:
0.500000000000
# phi2[2]:
0.500000000000
# phi2[3]:
0.500000000000
# log_degrees_of_freedom[1]:
5.35000000000
# log_degrees_of_freedom[2]:
5.35000000000
# log_degrees_of_freedom[3]:
5.35000000000
# gamma_r:
0.00000000000
