# Number of parameters = 184 Objective function value = -755.320  Maximum gradient component = 0.000325398
# theta[1]:
 6.26681
# theta[2]:
 0.730501
# theta[3]:
 -0.552304
# theta[4]:
 5.85174
# theta[5]:
 5.52108
# theta[6]:
 0.273005
# theta[7]:
 1.42323
# sel_par[1]:
 0.966282 -1.48356
# sel_par[2]:
 1.09160 -1.12747
# sel_par[3]:
 1.56909 -0.754928
# sel_par[4]:
 0.720276 -2.99573
# sel_par[5]:
 0.720276 -2.99573
# log_ft_pars:
 -0.607423 0.150549 -6.95174 0.213287 -1.28753 -0.497500 -2.74118 -4.51279 0.321208 0.705089 0.420467 -0.242616 -0.370573 -0.386553 -0.314563 0.0924494 0.447162 -11.4880 -7.74329 -2.97078 -6.32621 -27.7384 -10.1874 -9.93398 -10.7242 -11.0268 -10.6165 -9.03650 -10.3302 -1.97674 -1.21386 -1.58773 -1.53567 -1.22931 -1.26016 -2.22652 -1.42063 -3.22620 -2.23015 -2.75365 -1.51750 -1.45276 -5.27655 -5.49124 -1.29512 -1.95418 -1.78625 -1.80082 -1.75426 -2.56147 -2.01576 -1.92018 -2.76790 -3.53556 -1.71317 -1.83510 -2.00203 -3.13805 -3.95531 -2.13330 -1.21904 -0.657463 -2.55583 -1.74890 -1.28822 -0.661545 -0.857734 -0.420923 -0.848159 -2.12119 -1.84916 -1.71451 -1.79365 -2.44755 -1.91397 -2.51066 -1.66714 -2.48610 -2.13738 -3.30695 -3.12324 -1.85408 -2.45135 -2.75210 -2.93086 -1.85917 -1.94582 -0.850982
# init_log_rec_devs:
 0.576821 1.37623 -0.720141 -0.481214 -0.308379 -0.178574 -0.109449 -0.155295
# log_rec_devs:
 0.219031 0.123631 0.759970 -0.0202076 0.317314 0.518688 0.363537 0.973449 0.664749 0.209310 0.872943 0.0688226 0.695404 -0.278816 -1.11517 0.203688 -0.118311 -1.04884 0.174936 0.667382 0.421529 0.350562 0.497467 0.793002 -0.0688442 -0.408276 0.186271 -0.764129 0.271305 0.0776831 -0.285695 -0.394223 0.144705 0.868231 0.923961 -0.189647 1.30024 -0.308600 -0.138111 -0.544668 0.465826 0.0504099 -0.174610 -0.853795 -0.469178 1.03128 0.0245678 -0.526722 -0.356563 0.119064 0.484556 0.505296 -0.258777 -0.168552 -0.587005 -0.145970 -1.00326 -0.441133 -1.03049 0.0984388 -1.23683 -1.35718 -1.15365
# log_m_nodes:
 -0.0600551 -0.0703920 0.132662 -0.0463274 -0.185583 0.245256 -0.0788983 0.0202261 0.0312566 0.0994923 -0.0672907 -0.240075
# log_age_tau2[1]:
0.325000000000
# log_age_tau2[2]:
0.325000000000
# log_age_tau2[3]:
0.325000000000
# phi1[1]:
0.0100000000000
# phi1[2]:
0.0100000000000
# phi1[3]:
0.0100000000000
# phi2[1]:
0.500000000000
# phi2[2]:
0.500000000000
# phi2[3]:
0.500000000000
# log_degrees_of_freedom[1]:
5.35000000000
# log_degrees_of_freedom[2]:
5.35000000000
# log_degrees_of_freedom[3]:
5.35000000000
# gamma_r:
0.00000000000
