# Number of parameters = 225 Objective function value = -814.325  Maximum gradient component = 0.000834480
# theta[1]:
 5.75875
# theta[2]:
 0.725311
# theta[3]:
 -0.832473
# theta[4]:
 5.33008
# theta[5]:
 5.56532
# theta[6]:
 0.272901
# theta[7]:
 1.26692
# sel_par[1]:
 1.57092 0.0466633
# sel_par[2]:
 1.20138 -0.841811
# sel_par[3]:
 1.73287 -0.635310
# sel_par[4]:
 0.720276 -2.99573
# sel_par[5]:
 0.720276 -2.99573
# log_ft_pars:
 0.604188 1.13678 -1.96861 0.732559 0.490665 -0.100371 1.18081 -0.685620 -0.424254 -0.225418 0.379550 -0.308511 -0.0139219 -0.146581 0.411622 -0.0621549 -0.166141 -1.04619 -1.46798 -0.486154 -2.00033 -3.44222 -3.88678 -4.12966 -3.18300 -2.70689 -0.830810 -1.27457 -2.23680 -1.63321 -1.84121 -4.67147 -4.38612 -4.19510 -5.22436 -5.52221 -5.49717 -5.98532 -6.75020 -4.74184 -7.56949 -9.54083 -9.43121 -7.83785 -6.97470 -4.05378 -3.09991 -1.17583 -2.12816 -2.04245 -2.47823 -1.89956 -1.13132 -1.83191 -2.05615 -1.96923 -2.79449 -4.79105 -2.90959 -2.50695 -2.38575 -2.82039 -2.22852 -2.09619 -2.47488 -2.92999 -3.14764 -2.55390 -2.24702 -3.32484 -4.56219 -2.79539 -3.00732 -2.27695 -2.72755 -2.44156 -2.24236 -2.64669 -3.46956 -3.13017 -3.50999 -2.96502 -3.56730 -3.12659 -3.11009 -2.99410 -6.51780 -0.876189 -5.95461 -3.31234 -1.67171 -0.567630 -1.00607 -1.06940 -2.22008 -1.72345 -1.11788 -1.08093 -1.22739 -0.973070 -0.671271 -1.41915 -1.49508 -0.813902 -0.599541 -1.29016 -1.99796 -1.11615 -0.134185 -0.535492 -1.47383 -0.987689 -1.44593 -0.969765 -0.840723 -0.931036 -0.989142 -1.21532 -1.54759 -1.38245 -1.37325 -1.74849 -1.51387 -1.68846 -1.48670 -1.58204 -1.60793
# init_log_rec_devs:
 1.25423 1.73806 0.558286 0.184171 -1.10658 -0.911973 -0.717500 -0.998695
# log_rec_devs:
 0.599567 0.285578 0.923677 -0.456194 0.324337 -0.288559 0.192609 0.930563 -0.227347 1.68777 1.13433 0.439753 1.63870 0.193984 -0.533619 -0.922555 -0.341781 -0.743481 -0.116937 -0.0206430 -0.918751 0.0576139 0.0783701 -0.307287 -1.04692 -0.689536 -1.32139 -1.38085 0.270671 -0.485678 -0.449384 -0.0736286 0.899549 -0.0731294 -0.272461 0.721973 0.491850 0.0967535 -0.611466 0.777239 0.566444 -0.316091 -1.12235 -0.592667 0.607412 -0.145025 0.288464 -0.838384 -0.0411630 0.406919 -0.0597619 0.977208 -0.804635 -0.213764 -0.350111 0.633839 -0.306501 -0.294547 0.168526 0.348515 -0.363665 0.345600 -0.829268 0.443623 1.02808
# log_m_nodes:
 -0.250696 -0.0565699 0.252901 -0.0422729 -0.0905105 0.0153416 0.0658861 -0.0476266 0.0477360 0.0148583 -0.00278374 0.0815834
# log_age_tau2[1]:
0.325000000000
# log_age_tau2[2]:
0.325000000000
# log_age_tau2[3]:
0.325000000000
# phi1[1]:
0.0100000000000
# phi1[2]:
0.0100000000000
# phi1[3]:
0.0100000000000
# phi2[1]:
0.500000000000
# phi2[2]:
0.500000000000
# phi2[3]:
0.500000000000
# log_degrees_of_freedom[1]:
5.35000000000
# log_degrees_of_freedom[2]:
5.35000000000
# log_degrees_of_freedom[3]:
5.35000000000
# gamma_r:
0.00000000000
