# Number of parameters = 184 Objective function value = -755.319  Maximum gradient component = 0.00178842
# theta[1]:
 6.26667
# theta[2]:
 0.730445
# theta[3]:
 -0.552320
# theta[4]:
 5.85173
# theta[5]:
 5.52102
# theta[6]:
 0.273006
# theta[7]:
 1.42322
# sel_par[1]:
 0.966281 -1.48357
# sel_par[2]:
 1.09160 -1.12747
# sel_par[3]:
 1.56909 -0.754925
# sel_par[4]:
 0.720276 -2.99573
# sel_par[5]:
 0.720276 -2.99573
# log_ft_pars:
 -0.607404 0.150575 -6.95172 0.213315 -1.28750 -0.497469 -2.74115 -4.51278 0.321217 0.705096 0.420476 -0.242607 -0.370567 -0.386549 -0.314558 0.0924633 0.447210 -11.4880 -7.74327 -2.97075 -6.32618 -27.7384 -10.1874 -9.93395 -10.7242 -11.0267 -10.6165 -9.03649 -10.3302 -1.97674 -1.21385 -1.58772 -1.53566 -1.22930 -1.26014 -2.22650 -1.42060 -3.22616 -2.23011 -2.75362 -1.51747 -1.45273 -5.27652 -5.49122 -1.29510 -1.95417 -1.78623 -1.80080 -1.75424 -2.56145 -2.01574 -1.92017 -2.76789 -3.53555 -1.71316 -1.83509 -2.00202 -3.13803 -3.95530 -2.13330 -1.21903 -0.657462 -2.55582 -1.74889 -1.28821 -0.661532 -0.857717 -0.420900 -0.848126 -2.12115 -1.84913 -1.71448 -1.79362 -2.44752 -1.91395 -2.51064 -1.66713 -2.48609 -2.13737 -3.30694 -3.12322 -1.85407 -2.45134 -2.75208 -2.93085 -1.85916 -1.94581 -0.850980
# init_log_rec_devs:
 0.576845 1.37625 -0.720145 -0.481221 -0.308386 -0.178581 -0.109455 -0.155304
# log_rec_devs:
 0.219021 0.123605 0.759952 -0.0202344 0.317285 0.518659 0.363518 0.973441 0.664747 0.209307 0.872938 0.0688245 0.695408 -0.278809 -1.11516 0.203679 -0.118297 -1.04877 0.174958 0.667396 0.421537 0.350566 0.497466 0.793000 -0.0688535 -0.408293 0.186247 -0.764161 0.271271 0.0776505 -0.285725 -0.394250 0.144680 0.868210 0.923946 -0.189658 1.30023 -0.308609 -0.138119 -0.544675 0.465821 0.0504065 -0.174612 -0.853797 -0.469178 1.03128 0.0245672 -0.526723 -0.356565 0.119063 0.484557 0.505297 -0.258775 -0.168548 -0.586995 -0.145953 -1.00323 -0.441093 -1.03044 0.0984937 -1.23677 -1.35713 -1.15360
# log_m_nodes:
 -0.0600598 -0.0703932 0.132670 -0.0463274 -0.185589 0.245259 -0.0788981 0.0202273 0.0312569 0.0994916 -0.0672895 -0.240064
# log_age_tau2[1]:
0.325000000000
# log_age_tau2[2]:
0.325000000000
# log_age_tau2[3]:
0.325000000000
# phi1[1]:
0.0100000000000
# phi1[2]:
0.0100000000000
# phi1[3]:
0.0100000000000
# phi2[1]:
0.500000000000
# phi2[2]:
0.500000000000
# phi2[3]:
0.500000000000
# log_degrees_of_freedom[1]:
5.35000000000
# log_degrees_of_freedom[2]:
5.35000000000
# log_degrees_of_freedom[3]:
5.35000000000
# gamma_r:
0.00000000000
