# Number of parameters = 243 Objective function value = -1367.29  Maximum gradient component = 0.000374332
# theta[1]:
 7.21577
# theta[2]:
 0.778947
# theta[3]:
 -0.782929
# theta[4]:
 6.85373
# theta[5]:
 5.62475
# theta[6]:
 0.232661
# theta[7]:
 1.66580
# sel_par[1]:
 0.967630 -1.24623
# sel_par[2]:
 1.05692 -1.10411
# sel_par[3]:
 1.53894 -0.908155
# sel_par[4]:
 0.720276 -2.99573
# sel_par[5]:
 0.720276 -2.99573
# log_ft_pars:
 -0.407221 -0.290363 -2.10699 -0.487795 -0.441203 -0.0109749 0.346999 -0.574011 -0.216362 -0.0417030 -0.158314 0.00233041 0.117430 0.145079 0.0696881 0.286995 0.680982 -2.13673 -4.58277 -4.84348 -3.13689 -2.60726 -2.27445 -4.49669 -4.92293 -2.58561 -2.64230 -1.78966 -1.66826 -3.32634 -2.67135 -2.76625 -4.00171 -3.65217 -3.87503 -4.86647 -5.48196 -4.66745 -4.28894 -5.93553 -5.11214 -4.57011 -5.27224 -4.65994 -4.98287 -5.13013 -5.52943 -4.67154 -4.16670 -4.35545 -4.35322 -4.49214 -4.01993 -4.31144 -3.80057 -3.46940 -4.24824 -3.76862 -4.62881 -4.40667 -4.58695 -3.06514 -3.01577 -2.71047 -1.70367 -3.04877 -4.45392 -4.63786 -5.71270 -2.84098 -2.94574 -5.90703 -3.43728 -2.84047 -1.65067 -1.97647 -2.42841 -5.67044 -2.80800 -3.83891 -3.87866 -4.29707 -3.32312 -3.18765 -2.93180 -2.98017 -2.38068 -2.23251 -2.73722 -2.87554 -2.51451 -2.57463 -2.39783 -2.30973 -2.56896 -2.31112 -1.89755 -2.80731 -2.07285 -2.13659 -2.18209 -3.19837 -2.63768 -2.72543 -4.04282 -1.51180 -1.27468 -0.901868 -1.02430 -1.13504 -1.19508 -1.41037 -2.18364 -1.68925 -1.45470 -0.665997 -0.583123 -0.868405 -0.791681 -1.09082 -1.24367 -1.25618 -1.05845 -1.19150 -1.19928 -0.982019 -1.35350 -1.54681 -1.31911 -1.17356 -1.43715 -1.40914 -1.33796 -1.23126 -1.26823 -1.76766 -1.25360 -1.12261 -1.20677 -1.75673 -1.46682 -1.42744 -1.18845 -1.45801 -1.71075 -2.05760
# init_log_rec_devs:
 1.38541 0.975299 -0.696075 -0.529332 -0.385471 -0.274813 -0.184638 -0.290378
# log_rec_devs:
 0.119464 0.150583 0.521656 0.326582 -0.297364 -0.641368 -0.545274 0.112877 0.0746776 -0.498452 0.293643 0.246320 0.547822 -0.142144 -0.478777 -0.184756 -0.336918 -0.990350 0.0301942 0.107604 -0.204697 -0.359105 -0.325572 -0.0959298 -0.576874 -0.0515094 -0.246875 -0.857549 -0.269479 -0.473098 -0.432844 -0.671782 -0.902477 -0.368750 0.197216 -0.431907 0.473384 -0.618933 0.379301 -0.135304 0.754507 0.444450 0.704239 -0.145988 0.476873 0.779922 0.780842 -0.0345156 0.367630 0.559996 0.764265 0.810010 0.317884 0.332138 0.195372 0.703868 -0.676919 0.558244 -1.11086 0.728282 0.293461 -0.295496 0.284697 -0.0361313
# log_m_nodes:
 -0.136488 -0.0668207 0.221318 0.0414748 -0.166748 0.120262 -0.0482812 0.0546129 -0.0440579 0.0392515 -0.0575091 -0.253940
# log_age_tau2[1]:
0.325000000000
# log_age_tau2[2]:
0.325000000000
# log_age_tau2[3]:
0.325000000000
# phi1[1]:
0.0100000000000
# phi1[2]:
0.0100000000000
# phi1[3]:
0.0100000000000
# phi2[1]:
0.500000000000
# phi2[2]:
0.500000000000
# phi2[3]:
0.500000000000
# log_degrees_of_freedom[1]:
5.35000000000
# log_degrees_of_freedom[2]:
5.35000000000
# log_degrees_of_freedom[3]:
5.35000000000
# gamma_r:
0.00000000000
